# Belief Network Analysis Results
# Generated on: 2025-06-30 22:01:46
# Input file: data_files/BNI3f.dat
# Number of photos: 30
# Number of labels: 7
# Number of experts: 1
# Best 250 solutions from 1500 runs
# Format: 30 values per line
#
# Solution 0: sup_norm = 0.026018
0.172524 0.074305 0.078283 0.000000 0.026066 0.000000 0.233964 0.006107 0.110823 0.026067 0.000000 0.000000 0.000000 0.000000 0.000000 0.000000 0.271860 0.000000 0.000000 0.000000 0.000000 0.000000 0.000000 0.000000 0.000000 0.000000 0.000000 0.000000 0.000000 0.000000
# Solution 1: sup_norm = 0.026020
0.094128 0.048727 0.134025 0.026066 0.026065 0.000000 0.312358 0.031684 0.055079 0.000000 0.000000 0.000000 0.000000 0.000000 0.000000 0.000000 0.271868 0.000000 0.000000 0.000000 0.000000 0.000000 0.000000 0.000000 0.000000 0.000000 0.000000 0.000000 0.000000 0.000000
# Solution 2: sup_norm = 0.026021
0.195216 0.005821 0.183913 0.026064 0.026065 0.000000 0.211270 0.074598 0.005187 0.000000 0.000000 0.000000 0.000008 0.000000 0.000000 0.000000 0.271856 0.000000 0.000000 0.000000 0.000000 0.000000 0.000000 0.000000 0.000000 0.000000 0.000000 0.000000 0.000000 0.000000
# Solution 3: sup_norm = 0.026022
0.176827 0.072908 0.180765 0.026062 0.026062 0.000000 0.229670 0.007506 0.008336 0.000000 0.000000 0.000000 0.000000 0.000000 0.000000 0.000000 0.271863 0.000000 0.000000 0.000000 0.000000 0.000000 0.000000 0.000000 0.000000 0.000000 0.000000 0.000000 0.000000 0.000000
# Solution 4: sup_norm = 0.026022
0.231735 0.080407 0.132822 0.026055 0.026067 0.000000 0.174749 0.000000 0.056285 0.000000 0.000000 0.000010 0.000000 0.000000 0.000000 0.000000 0.271855 0.000014 0.000000 0.000000 0.000000 0.000000 0.000000 0.000000 0.000000 0.000000 0.000000 0.000000 0.000000 0.000000
# Solution 5: sup_norm = 0.026023
0.219581 0.022565 0.000000 0.000000 0.026059 0.000000 0.186915 0.057852 0.189102 0.026062 0.000000 0.000000 0.000000 0.000000 0.000009 0.000000 0.271853 0.000000 0.000000 0.000000 0.000000 0.000000 0.000000 0.000000 0.000000 0.000000 0.000000 0.000000 0.000000 0.000000
# Solution 6: sup_norm = 0.026024
0.191571 0.000311 0.093782 0.000000 0.026062 0.000000 0.214918 0.080116 0.095316 0.026068 0.000000 0.000000 0.000000 0.000000 0.000000 0.000000 0.271853 0.000000 0.000000 0.000000 0.000000 0.000000 0.000000 0.000000 0.000000 0.000000 0.000000 0.000000 0.000000 0.000000
# Solution 7: sup_norm = 0.026025
0.123952 0.072042 0.085584 0.008995 0.026060 0.000000 0.282529 0.008372 0.103515 0.017069 0.000000 0.000000 0.000000 0.000000 0.000000 0.000000 0.271858 0.000000 0.000000 0.000000 0.000000 0.000000 0.000000 0.000000 0.000021 0.000000 0.000000 0.000000 0.000000 0.000000
# Solution 8: sup_norm = 0.026025
0.213550 0.003948 0.035205 0.026067 0.026057 0.000000 0.192944 0.076460 0.153900 0.000000 0.000000 0.000000 0.000000 0.000000 0.000000 0.000000 0.271850 0.000000 0.000011 0.000000 0.000000 0.000000 0.000000 0.000000 0.000000 0.000000 0.000000 0.000000 0.000000 0.000000
# Solution 9: sup_norm = 0.026025
0.134771 0.039126 0.188394 0.026059 0.026062 0.000000 0.271726 0.041278 0.000731 0.000000 0.000000 0.000000 0.000000 0.000000 0.000000 0.000000 0.271849 0.000000 0.000003 0.000000 0.000000 0.000000 0.000000 0.000000 0.000000 0.000000 0.000000 0.000000 0.000000 0.000000
# Solution 10: sup_norm = 0.026026
0.231322 0.033636 0.011434 0.021107 0.026058 0.000000 0.175165 0.046770 0.177704 0.004952 0.000000 0.000000 0.000000 0.000000 0.000000 0.000000 0.271851 0.000000 0.000000 0.000000 0.000000 0.000000 0.000000 0.000000 0.000000 0.000000 0.000000 0.000000 0.000000 0.000000
# Solution 11: sup_norm = 0.026026
0.243301 0.080432 0.065889 0.023163 0.026060 0.000000 0.163182 0.000000 0.123218 0.002905 0.000000 0.000000 0.000000 0.000000 0.000000 0.000000 0.271848 0.000000 0.000000 0.000000 0.000000 0.000000 0.000000 0.000000 0.000000 0.000000 0.000000 0.000000 0.000000 0.000000
# Solution 12: sup_norm = 0.026027
0.188417 0.080416 0.030670 0.013929 0.026067 0.000000 0.218090 0.000000 0.158435 0.012128 0.000000 0.000000 0.000000 0.000000 0.000000 0.000000 0.271847 0.000000 0.000000 0.000000 0.000000 0.000000 0.000000 0.000000 0.000001 0.000000 0.000000 0.000000 0.000000 0.000000
# Solution 13: sup_norm = 0.026027
0.161537 0.080404 0.090503 0.001967 0.026056 0.000000 0.244959 0.000000 0.098591 0.024122 0.000000 0.000000 0.000000 0.000000 0.000000 0.000000 0.271854 0.000000 0.000008 0.000000 0.000000 0.000000 0.000000 0.000000 0.000000 0.000000 0.000000 0.000000 0.000000 0.000000
# Solution 14: sup_norm = 0.026027
0.154694 0.000000 0.088684 0.007785 0.026057 0.000000 0.251796 0.080412 0.100416 0.018293 0.000000 0.000000 0.000002 0.000000 0.000000 0.000000 0.271855 0.000000 0.000000 0.000000 0.000000 0.000000 0.000000 0.000000 0.000000 0.000000 0.000000 0.000000 0.000000 0.000000
# Solution 15: sup_norm = 0.026027
0.264474 0.000000 0.033976 0.000000 0.026056 0.000000 0.142024 0.080430 0.155128 0.026056 0.000000 0.000000 0.000000 0.000001 0.000000 0.000000 0.271854 0.000000 0.000000 0.000000 0.000000 0.000000 0.000000 0.000000 0.000000 0.000000 0.000000 0.000000 0.000000 0.000000
# Solution 16: sup_norm = 0.026027
0.177761 0.020620 0.073953 0.026071 0.026069 0.000000 0.228721 0.059782 0.115145 0.000000 0.000000 0.000000 0.000000 0.000000 0.000000 0.000015 0.271865 0.000000 0.000000 0.000000 0.000000 0.000000 0.000000 0.000000 0.000000 0.000000 0.000000 0.000000 0.000000 0.000000
# Solution 17: sup_norm = 0.026028
0.295764 0.066030 0.113994 0.002538 0.026056 0.000000 0.110715 0.014380 0.075147 0.023527 0.000000 0.000000 0.000000 0.000000 0.000000 0.000000 0.271849 0.000000 0.000000 0.000000 0.000000 0.000000 0.000000 0.000000 0.000000 0.000000 0.000000 0.000000 0.000000 0.000000
# Solution 18: sup_norm = 0.026028
0.241464 0.000000 0.082670 0.000000 0.026066 0.000000 0.165017 0.080396 0.106445 0.026068 0.000000 0.000030 0.000000 0.000000 0.000000 0.000000 0.271845 0.000000 0.000000 0.000000 0.000000 0.000000 0.000000 0.000000 0.000000 0.000000 0.000000 0.000000 0.000000 0.000000
# Solution 19: sup_norm = 0.026028
0.122577 0.000030 0.000000 0.000000 0.026070 0.000000 0.283905 0.080368 0.189093 0.026102 0.000000 0.000005 0.000000 0.000000 0.000000 0.000000 0.271849 0.000000 0.000000 0.000000 0.000000 0.000000 0.000000 0.000000 0.000000 0.000000 0.000000 0.000000 0.000000 0.000000
# Solution 20: sup_norm = 0.026028
0.244444 0.005994 0.186569 0.026063 0.026055 0.000000 0.162060 0.074405 0.002527 0.000000 0.000000 0.000007 0.000000 0.000000 0.000000 0.000000 0.271851 0.000000 0.000000 0.000000 0.000000 0.000000 0.000000 0.000000 0.000000 0.000000 0.000000 0.000000 0.000000 0.000000
# Solution 21: sup_norm = 0.026029
0.258377 0.072454 0.089743 0.026058 0.026107 0.000000 0.148101 0.007956 0.099349 0.000000 0.000000 0.000000 0.000000 0.000000 0.000000 0.000000 0.271846 0.000000 0.000000 0.000000 0.000000 0.000000 0.000000 0.000000 0.000000 0.000000 0.000000 0.000000 0.000000 0.000000
# Solution 22: sup_norm = 0.026029
0.237724 0.000000 0.040472 0.026027 0.026081 0.000000 0.168770 0.080405 0.148620 0.000009 0.000000 0.000000 0.000000 0.000039 0.000000 0.000000 0.271846 0.000000 0.000000 0.000000 0.000000 0.000000 0.000000 0.000000 0.000000 0.000000 0.000000 0.000000 0.000000 0.000000
# Solution 23: sup_norm = 0.026030
0.202959 0.009157 0.164463 0.001261 0.026061 0.000000 0.203516 0.071248 0.024633 0.024811 0.000000 0.000000 0.000000 0.000000 0.000000 0.000000 0.271869 0.000014 0.000000 0.000000 0.000000 0.000000 0.000000 0.000000 0.000000 0.000000 0.000000 0.000000 0.000000 0.000000
# Solution 24: sup_norm = 0.026030
0.131999 0.080408 0.176487 0.020188 0.026040 0.000000 0.274481 0.000000 0.012605 0.005865 0.000000 0.000000 0.000000 0.000000 0.000051 0.000000 0.271876 0.000000 0.000000 0.000000 0.000000 0.000000 0.000000 0.000000 0.000000 0.000000 0.000000 0.000000 0.000000 0.000000
# Solution 25: sup_norm = 0.026031
0.083687 0.001771 0.027840 0.000000 0.026055 0.000000 0.322794 0.078639 0.161300 0.026047 0.000000 0.000000 0.000000 0.000009 0.000000 0.000000 0.271843 0.000000 0.000000 0.000000 0.000000 0.000000 0.000000 0.000000 0.000000 0.000000 0.000000 0.000000 0.000000 0.000000
# Solution 26: sup_norm = 0.026031
0.186973 0.011490 0.134505 0.022609 0.026083 0.000000 0.219551 0.068911 0.054591 0.003443 0.000000 0.000000 0.000000 0.000004 0.000000 0.000000 0.271840 0.000000 0.000000 0.000000 0.000000 0.000000 0.000000 0.000000 0.000000 0.000000 0.000000 0.000000 0.000000 0.000000
# Solution 27: sup_norm = 0.026031
0.256501 0.015515 0.082772 0.026096 0.026033 0.000000 0.149960 0.064884 0.106329 0.000000 0.000018 0.000000 0.000000 0.000000 0.000000 0.000000 0.271859 0.000000 0.000032 0.000000 0.000000 0.000000 0.000000 0.000000 0.000000 0.000000 0.000000 0.000000 0.000000 0.000000
# Solution 28: sup_norm = 0.026032
0.164397 0.017777 0.186546 0.002149 0.026056 0.000000 0.242066 0.062621 0.002584 0.023903 0.000026 0.000000 0.000000 0.000000 0.000000 0.000000 0.271840 0.000000 0.000000 0.000000 0.000000 0.000000 0.000000 0.000000 0.000000 0.000000 0.000000 0.000000 0.000000 0.000000
# Solution 29: sup_norm = 0.026033
0.218903 0.063238 0.119451 0.000000 0.026059 0.000000 0.187574 0.017215 0.069643 0.026051 0.000000 0.000000 0.000000 0.000000 0.000000 0.000000 0.271836 0.000000 0.000000 0.000000 0.000000 0.000000 0.000000 0.000000 0.000000 0.000000 0.000028 0.000000 0.000000 0.000000
# Solution 30: sup_norm = 0.026033
0.138426 0.000000 0.077203 0.018677 0.026062 0.000000 0.268046 0.080415 0.111913 0.007391 0.000000 0.000000 0.000000 0.000000 0.000003 0.000000 0.271864 0.000000 0.000000 0.000000 0.000000 0.000000 0.000000 0.000000 0.000000 0.000000 0.000000 0.000000 0.000000 0.000000
# Solution 31: sup_norm = 0.026035
0.203316 0.001793 0.126028 0.026086 0.026049 0.000000 0.203166 0.078633 0.063053 0.000000 0.000000 0.000000 0.000007 0.000000 0.000000 0.000000 0.271864 0.000000 0.000000 0.000000 0.000000 0.000000 0.000000 0.000000 0.000000 0.000000 0.000000 0.000000 0.000000 0.000000
# Solution 32: sup_norm = 0.026035
0.268033 0.000072 0.086936 0.002304 0.026054 0.000000 0.138455 0.080367 0.102163 0.023754 0.000000 0.000000 0.000000 0.000000 0.000000 0.000000 0.271834 0.000000 0.000026 0.000000 0.000000 0.000000 0.000000 0.000000 0.000000 0.000000 0.000000 0.000000 0.000000 0.000000
# Solution 33: sup_norm = 0.026036
0.207086 0.080393 0.060433 0.000039 0.026048 0.000000 0.199422 0.000000 0.128679 0.026054 0.000000 0.000000 0.000000 0.000000 0.000000 0.000000 0.271846 0.000000 0.000000 0.000000 0.000000 0.000000 0.000000 0.000000 0.000000 0.000000 0.000000 0.000000 0.000000 0.000000
# Solution 34: sup_norm = 0.026036
0.197179 0.068241 0.105203 0.017455 0.026061 0.000000 0.209294 0.012152 0.083859 0.008629 0.000000 0.000000 0.000049 0.000000 0.000000 0.000000 0.271862 0.000000 0.000000 0.000000 0.000000 0.000000 0.000000 0.000000 0.000000 0.000000 0.000000 0.000000 0.000000 0.000000
# Solution 35: sup_norm = 0.026036
0.207379 0.010980 0.056189 0.006568 0.026110 0.000000 0.199093 0.069418 0.132934 0.019496 0.000000 0.000000 0.000000 0.000000 0.000000 0.000000 0.271832 0.000000 0.000000 0.000000 0.000000 0.000000 0.000000 0.000000 0.000000 0.000000 0.000000 0.000000 0.000000 0.000000
# Solution 36: sup_norm = 0.026037
0.227363 0.027181 0.090487 0.026051 0.026055 0.000000 0.179115 0.053211 0.098611 0.000000 0.000000 0.000000 0.000000 0.000000 0.000000 0.000000 0.271925 0.000000 0.000000 0.000000 0.000000 0.000000 0.000000 0.000000 0.000000 0.000000 0.000000 0.000000 0.000000 0.000000
# Solution 37: sup_norm = 0.026037
0.173883 0.002485 0.102130 0.026071 0.026072 0.000000 0.232589 0.077928 0.086954 0.000000 0.000000 0.000000 0.000000 0.000000 0.000000 0.000000 0.271828 0.000000 0.000000 0.000000 0.000000 0.000000 0.000000 0.000000 0.000000 0.000000 0.000000 0.000047 0.000000 0.000000
# Solution 38: sup_norm = 0.026037
0.035465 0.021326 0.081046 0.016925 0.026077 0.000000 0.371027 0.059103 0.108040 0.009105 0.000000 0.000000 0.000000 0.000000 0.000000 0.000000 0.271830 0.000023 0.000000 0.000000 0.000000 0.000000 0.000000 0.000000 0.000000 0.000000 0.000000 0.000000 0.000000 0.000000
# Solution 39: sup_norm = 0.026037
0.234483 0.014824 0.000000 0.000000 0.026040 0.000000 0.171984 0.065597 0.189093 0.026098 0.000000 0.000000 0.000007 0.000000 0.000008 0.000000 0.271850 0.000000 0.000000 0.000000 0.000000 0.000000 0.000000 0.000000 0.000000 0.000000 0.000000 0.000000 0.000000 0.000000
# Solution 40: sup_norm = 0.026038
0.151301 0.075089 0.188783 0.026045 0.026052 0.000000 0.255182 0.005300 0.000317 0.000000 0.000000 0.000000 0.000000 0.000000 0.000000 0.000000 0.271831 0.000000 0.000000 0.000000 0.000000 0.000017 0.000000 0.000000 0.000000 0.000000 0.000000 0.000000 0.000000 0.000000
# Solution 41: sup_norm = 0.026039
0.143760 0.054576 0.177817 0.026036 0.026067 0.000000 0.262766 0.025835 0.011285 0.000000 0.000000 0.000000 0.000000 0.000023 0.000000 0.000000 0.271828 0.000000 0.000000 0.000000 0.000000 0.000000 0.000000 0.000000 0.000000 0.000000 0.000000 0.000000 0.000000 0.000000
# Solution 42: sup_norm = 0.026039
0.162873 0.002604 0.108968 0.026053 0.026052 0.000000 0.243605 0.077792 0.080102 0.000000 0.000000 0.000000 0.000090 0.000000 0.000000 0.000000 0.271828 0.000000 0.000000 0.000000 0.000000 0.000000 0.000000 0.000000 0.000000 0.000000 0.000000 0.000000 0.000000 0.000000
# Solution 43: sup_norm = 0.026039
0.200748 0.035295 0.098234 0.026042 0.026043 0.000000 0.205724 0.045142 0.090856 0.000000 0.000000 0.000000 0.000000 0.000000 0.000000 0.000000 0.271868 0.000011 0.000000 0.000000 0.000000 0.000000 0.000000 0.000000 0.000000 0.000000 0.000000 0.000000 0.000000 0.000000
# Solution 44: sup_norm = 0.026040
0.202040 0.001341 0.053051 0.009416 0.026064 0.000000 0.204457 0.079100 0.136007 0.016626 0.000000 0.000000 0.000053 0.000000 0.000000 0.000000 0.271838 0.000000 0.000000 0.000000 0.000000 0.000000 0.000000 0.000000 0.000000 0.000000 0.000000 0.000000 0.000000 0.000000
# Solution 45: sup_norm = 0.026041
0.289439 0.000085 0.051681 0.021689 0.026042 0.000000 0.117027 0.080302 0.137400 0.003998 0.000000 0.000000 0.000000 0.000510 0.000000 0.000000 0.271824 0.000000 0.000000 0.000000 0.000000 0.000000 0.000000 0.000000 0.000000 0.000000 0.000003 0.000000 0.000000 0.000000
# Solution 46: sup_norm = 0.026041
0.247239 0.000000 0.030856 0.000043 0.026051 0.000000 0.159254 0.080404 0.158253 0.026036 0.000000 0.000000 0.000000 0.000000 0.000000 0.000000 0.271824 0.000000 0.000000 0.000000 0.000000 0.000000 0.000000 0.000000 0.000000 0.000000 0.000000 0.000000 0.000000 0.000000
# Solution 47: sup_norm = 0.026042
0.135652 0.050344 0.126856 0.026047 0.026048 0.000000 0.270810 0.030054 0.062215 0.000000 0.000000 0.000000 0.000000 0.000000 0.000000 0.000000 0.271875 0.000000 0.000000 0.000000 0.000000 0.000000 0.000076 0.000000 0.000000 0.000000 0.000000 0.000000 0.000000 0.000000
# Solution 48: sup_norm = 0.026043
0.180484 0.031011 0.054495 0.020256 0.026034 0.000000 0.225988 0.049381 0.134601 0.005849 0.000000 0.000000 0.000000 0.000000 0.000000 0.000000 0.271822 0.000000 0.000034 0.000000 0.000000 0.000000 0.000000 0.000000 0.000000 0.000000 0.000000 0.000000 0.000000 0.000000
# Solution 49: sup_norm = 0.026043
0.238552 0.056662 0.043512 0.013033 0.026082 0.000000 0.167882 0.023723 0.145600 0.013055 0.000048 0.000000 0.000000 0.000000 0.000000 0.000000 0.271822 0.000000 0.000000 0.000000 0.000000 0.000000 0.000000 0.000000 0.000000 0.000000 0.000000 0.000000 0.000000 0.000000
# Solution 50: sup_norm = 0.026043
0.261951 0.063572 0.037503 0.000196 0.026075 0.000000 0.144530 0.016884 0.151594 0.025844 0.000000 0.000000 0.000000 0.000000 0.000000 0.000000 0.271845 0.000000 0.000000 0.000000 0.000000 0.000000 0.000000 0.000000 0.000000 0.000000 0.000000 0.000000 0.000000 0.000000
# Solution 51: sup_norm = 0.026043
0.296689 0.000000 0.189123 0.000000 0.026040 0.000000 0.109789 0.080397 0.000000 0.026068 0.000000 0.000000 0.000000 0.000000 0.000000 0.000000 0.271879 0.000000 0.000000 0.000000 0.000000 0.000000 0.000000 0.000000 0.000000 0.000000 0.000000 0.000000 0.000005 0.000000
# Solution 52: sup_norm = 0.026043
0.183246 0.080360 0.107497 0.026062 0.026072 0.000000 0.223239 0.000000 0.081581 0.000000 0.000000 0.000037 0.000000 0.000000 0.000000 0.000000 0.271822 0.000000 0.000000 0.000000 0.000000 0.000000 0.000000 0.000000 0.000000 0.000000 0.000000 0.000000 0.000000 0.000000
# Solution 53: sup_norm = 0.026043
0.256290 0.080435 0.095198 0.023321 0.026084 0.000000 0.150227 0.000000 0.093893 0.002727 0.000000 0.000000 0.000000 0.000000 0.000000 0.000002 0.271821 0.000000 0.000000 0.000000 0.000000 0.000000 0.000000 0.000000 0.000000 0.000000 0.000000 0.000000 0.000000 0.000000
# Solution 54: sup_norm = 0.026044
0.226129 0.040072 0.067765 0.020505 0.026128 0.000000 0.180334 0.040315 0.121311 0.005403 0.000000 0.000000 0.000000 0.000063 0.000000 0.000000 0.271837 0.000128 0.000000 0.000000 0.000000 0.000000 0.000000 0.000000 0.000000 0.000000 0.000000 0.000000 0.000000 0.000000
# Solution 55: sup_norm = 0.026044
0.231049 0.032516 0.174747 0.020102 0.026038 0.000000 0.175411 0.047449 0.014329 0.005936 0.000000 0.000604 0.000000 0.000000 0.000000 0.000000 0.271820 0.000000 0.000000 0.000000 0.000000 0.000000 0.000000 0.000000 0.000000 0.000000 0.000000 0.000000 0.000000 0.000000
# Solution 56: sup_norm = 0.026045
0.166580 0.065026 0.088118 0.000696 0.026023 0.000004 0.239888 0.015360 0.100957 0.025394 0.000000 0.000000 0.000000 0.000000 0.000033 0.000000 0.271902 0.000000 0.000000 0.000000 0.000000 0.000000 0.000000 0.000000 0.000000 0.000000 0.000000 0.000000 0.000000 0.000000
# Solution 57: sup_norm = 0.026045
0.290188 0.000000 0.189075 0.013488 0.026051 0.000000 0.116327 0.080478 0.000000 0.012548 0.000000 0.000000 0.000000 0.000000 0.000000 0.000000 0.271834 0.000003 0.000000 0.000000 0.000000 0.000000 0.000000 0.000000 0.000000 0.000000 0.000000 0.000000 0.000000 0.000000
# Solution 58: sup_norm = 0.026045
0.240009 0.000000 0.133506 0.025443 0.026094 0.000000 0.166509 0.080404 0.055569 0.000621 0.000000 0.000000 0.000000 0.000000 0.000000 0.000000 0.271839 0.000000 0.000000 0.000000 0.000000 0.000000 0.000000 0.000000 0.000000 0.000000 0.000000 0.000000 0.000000 0.000000
# Solution 59: sup_norm = 0.026046
0.181306 0.061451 0.143213 0.025689 0.026099 0.000000 0.225166 0.018905 0.045861 0.000415 0.000000 0.000050 0.000000 0.000000 0.000000 0.000000 0.271839 0.000000 0.000000 0.000000 0.000000 0.000000 0.000000 0.000000 0.000000 0.000000 0.000000 0.000000 0.000000 0.000000
# Solution 60: sup_norm = 0.026046
0.097419 0.009130 0.126995 0.026063 0.026036 0.000000 0.309102 0.071244 0.062130 0.000000 0.000000 0.000031 0.000000 0.000000 0.000000 0.000000 0.271848 0.000000 0.000000 0.000000 0.000000 0.000000 0.000000 0.000000 0.000000 0.000000 0.000000 0.000000 0.000000 0.000000
# Solution 61: sup_norm = 0.026046
0.134848 0.067605 0.167466 0.026077 0.026073 0.000000 0.271623 0.012784 0.021655 0.000000 0.000000 0.000000 0.000000 0.000000 0.000000 0.000000 0.271809 0.000000 0.000000 0.000000 0.000000 0.000000 0.000000 0.000000 0.000000 0.000000 0.000058 0.000000 0.000000 0.000000
# Solution 62: sup_norm = 0.026047
0.206472 0.080408 0.041073 0.000000 0.026082 0.000000 0.200037 0.000000 0.148026 0.026036 0.000000 0.000027 0.000000 0.000000 0.000000 0.000000 0.271830 0.000000 0.000000 0.000000 0.000000 0.000000 0.000000 0.000000 0.000000 0.000000 0.000000 0.000000 0.000000 0.000000
# Solution 63: sup_norm = 0.026047
0.302576 0.000000 0.068211 0.026099 0.026035 0.000000 0.103910 0.080404 0.120898 0.000000 0.000000 0.000000 0.000000 0.000000 0.000000 0.000000 0.271854 0.000000 0.000000 0.000000 0.000000 0.000000 0.000000 0.000000 0.000000 0.000000 0.000000 0.000000 0.000000 0.000000
# Solution 64: sup_norm = 0.026047
0.180755 0.000000 0.048393 0.021731 0.026138 0.000000 0.225702 0.080394 0.140690 0.004311 0.000000 0.000000 0.000000 0.000000 0.000000 0.000000 0.271807 0.000000 0.000000 0.000000 0.000000 0.000000 0.000000 0.000000 0.000000 0.000000 0.000000 0.000060 0.000000 0.000000
# Solution 65: sup_norm = 0.026047
0.371604 0.000000 0.112451 0.026070 0.026047 0.000000 0.034852 0.080443 0.076645 0.000000 0.000000 0.000000 0.000000 0.000000 0.000000 0.000000 0.271868 0.000000 0.000000 0.000000 0.000000 0.000000 0.000000 0.000000 0.000021 0.000000 0.000000 0.000000 0.000000 0.000000
# Solution 66: sup_norm = 0.026048
0.244964 0.000000 0.110118 0.025582 0.026065 0.000000 0.161549 0.080431 0.079009 0.000466 0.000000 0.000000 0.000000 0.000000 0.000000 0.000000 0.271814 0.000000 0.000000 0.000000 0.000000 0.000000 0.000000 0.000000 0.000000 0.000000 0.000000 0.000000 0.000000 0.000000
# Solution 67: sup_norm = 0.026048
0.164037 0.076205 0.102891 0.026075 0.026060 0.000000 0.242418 0.004206 0.086231 0.000000 0.000000 0.000000 0.000000 0.000000 0.000000 0.000000 0.271840 0.000000 0.000000 0.000000 0.000000 0.000000 0.000000 0.000000 0.000000 0.000000 0.000000 0.000000 0.000000 0.000000
# Solution 68: sup_norm = 0.026049
0.232958 0.000000 0.146191 0.000000 0.026095 0.000000 0.173497 0.080386 0.042933 0.026032 0.000000 0.000000 0.000000 0.000002 0.000000 0.000000 0.271871 0.000000 0.000000 0.000000 0.000000 0.000000 0.000000 0.000000 0.000000 0.000000 0.000000 0.000000 0.000000 0.000000
# Solution 69: sup_norm = 0.026049
0.158785 0.017501 0.082564 0.026076 0.026056 0.000000 0.247686 0.062954 0.106512 0.000000 0.000000 0.000000 0.000000 0.000000 0.000000 0.000000 0.271805 0.000000 0.000000 0.000000 0.000000 0.000000 0.000000 0.000000 0.000000 0.000000 0.000058 0.000000 0.000000 0.000000
# Solution 70: sup_norm = 0.026049
0.323952 0.028270 0.189073 0.009615 0.025543 0.000000 0.082502 0.052109 0.000000 0.016417 0.000000 0.000000 0.000000 0.000000 0.000000 0.000000 0.271814 0.000001 0.000704 0.000000 0.000000 0.000000 0.000000 0.000000 0.000000 0.000000 0.000000 0.000000 0.000000 0.000000
# Solution 71: sup_norm = 0.026050
0.341664 0.071073 0.000000 0.026032 0.026004 0.000000 0.064840 0.009312 0.189099 0.000000 0.000000 0.000000 0.000000 0.000000 0.000000 0.000044 0.271832 0.000000 0.000091 0.000000 0.000000 0.000000 0.000000 0.000000 0.000000 0.000000 0.000000 0.000000 0.000000 0.000000
# Solution 72: sup_norm = 0.026050
0.041804 0.017234 0.000014 0.000390 0.026042 0.000000 0.364697 0.063227 0.189058 0.025642 0.000000 0.000000 0.000000 0.000000 0.000000 0.000000 0.271858 0.000000 0.000000 0.000000 0.000000 0.000000 0.000000 0.000000 0.000000 0.000000 0.000000 0.000000 0.000000 0.000000
# Solution 73: sup_norm = 0.026051
0.087240 0.080414 0.077560 0.009889 0.026067 0.000000 0.319289 0.000000 0.111534 0.016144 0.000000 0.000053 0.000000 0.000000 0.000000 0.000000 0.271810 0.000000 0.000000 0.000000 0.000000 0.000000 0.000000 0.000000 0.000000 0.000000 0.000000 0.000000 0.000000 0.000000
# Solution 74: sup_norm = 0.026051
0.244424 0.065620 0.084948 0.000261 0.026105 0.000000 0.162076 0.014745 0.104148 0.025828 0.000000 0.000019 0.000000 0.000000 0.000000 0.000000 0.271809 0.000000 0.000000 0.000000 0.000000 0.000000 0.000000 0.000000 0.000000 0.000000 0.000000 0.000000 0.000000 0.000000
# Solution 75: sup_norm = 0.026051
0.250136 0.080507 0.033031 0.026033 0.026128 0.000000 0.156316 0.000000 0.156039 0.000000 0.000000 0.000000 0.000000 0.000000 0.000000 0.000000 0.271809 0.000000 0.000000 0.000000 0.000000 0.000000 0.000000 0.000000 0.000000 0.000000 0.000000 0.000000 0.000000 0.000000
# Solution 76: sup_norm = 0.026051
0.201942 0.080424 0.120017 0.000650 0.026030 0.000000 0.204596 0.000000 0.069051 0.025379 0.000000 0.000000 0.000000 0.000000 0.000000 0.000000 0.271885 0.000018 0.000000 0.000000 0.000000 0.000000 0.000000 0.000000 0.000000 0.000000 0.000000 0.000000 0.000000 0.000000
# Solution 77: sup_norm = 0.026052
0.168216 0.002518 0.058809 0.000000 0.026087 0.000000 0.238347 0.077904 0.130263 0.026030 0.000000 0.000000 0.000000 0.000000 0.000000 0.000000 0.271826 0.000000 0.000000 0.000000 0.000000 0.000000 0.000000 0.000000 0.000000 0.000000 0.000000 0.000000 0.000000 0.000000
# Solution 78: sup_norm = 0.026053
0.237829 0.049580 0.189123 0.000000 0.026111 0.000000 0.168630 0.030766 0.000000 0.026070 0.000000 0.000042 0.000000 0.000000 0.000000 0.000000 0.271845 0.000000 0.000000 0.000000 0.000000 0.000000 0.000000 0.000000 0.000000 0.000000 0.000000 0.000000 0.000000 0.000000
# Solution 79: sup_norm = 0.026053
0.243554 0.000000 0.000000 0.026031 0.026038 0.000000 0.162931 0.080375 0.189127 0.000000 0.000000 0.000000 0.000000 0.000010 0.000000 0.000000 0.271813 0.000000 0.000000 0.000000 0.000000 0.000000 0.000000 0.000000 0.000000 0.000000 0.000000 0.000114 0.000000 0.000000
# Solution 80: sup_norm = 0.026053
0.115676 0.000000 0.175012 0.009042 0.026122 0.000000 0.290810 0.080403 0.014040 0.016990 0.000000 0.000000 0.000021 0.000000 0.000000 0.000000 0.271882 0.000000 0.000000 0.000000 0.000000 0.000000 0.000000 0.000000 0.000000 0.000000 0.000000 0.000000 0.000000 0.000000
# Solution 81: sup_norm = 0.026053
0.230557 0.009594 0.135591 0.013817 0.026079 0.000000 0.175899 0.070903 0.053477 0.012235 0.000000 0.000000 0.000000 0.000041 0.000000 0.000000 0.271805 0.000000 0.000000 0.000000 0.000000 0.000000 0.000000 0.000000 0.000000 0.000000 0.000000 0.000000 0.000000 0.000000
# Solution 82: sup_norm = 0.026055
0.126105 0.052247 0.189064 0.007506 0.026070 0.000000 0.280366 0.028121 0.000000 0.018231 0.000000 0.000011 0.000000 0.000000 0.000000 0.000000 0.271803 0.000441 0.000000 0.000000 0.000000 0.000000 0.000000 0.000000 0.000000 0.000000 0.000000 0.000000 0.000010 0.000000
# Solution 83: sup_norm = 0.026055
0.152454 0.015305 0.033295 0.026062 0.026021 0.000000 0.254036 0.065072 0.155835 0.000000 0.000000 0.000000 0.000000 0.000000 0.000000 0.000000 0.271807 0.000000 0.000000 0.000000 0.000000 0.000000 0.000000 0.000000 0.000000 0.000000 0.000000 0.000000 0.000000 0.000064
# Solution 84: sup_norm = 0.026055
0.312148 0.047032 0.011308 0.000000 0.026062 0.000000 0.094317 0.033371 0.177829 0.026089 0.000000 0.000000 0.000000 0.000000 0.000000 0.000000 0.271797 0.000000 0.000000 0.000000 0.000000 0.000000 0.000000 0.000000 0.000000 0.000000 0.000042 0.000000 0.000000 0.000000
# Solution 85: sup_norm = 0.026056
0.086844 0.017389 0.112943 0.000000 0.026095 0.000000 0.319626 0.063006 0.076124 0.026137 0.000000 0.000000 0.000000 0.000000 0.000000 0.000000 0.271801 0.000000 0.000029 0.000000 0.000000 0.000000 0.000000 0.000000 0.000000 0.000000 0.000000 0.000000 0.000000 0.000000
# Solution 86: sup_norm = 0.026056
0.139317 0.056033 0.189107 0.026077 0.026090 0.000000 0.267170 0.024399 0.000000 0.000000 0.000000 0.000000 0.000000 0.000000 0.000000 0.000000 0.271801 0.000000 0.000000 0.000000 0.000000 0.000000 0.000000 0.000000 0.000000 0.000000 0.000000 0.000000 0.000000 0.000000
# Solution 87: sup_norm = 0.026057
0.231776 0.079785 0.107704 0.002723 0.026028 0.000000 0.174675 0.000000 0.081358 0.023295 0.000000 0.000843 0.000000 0.000012 0.000000 0.000000 0.271800 0.000000 0.000000 0.000000 0.000000 0.000000 0.000000 0.000000 0.000000 0.000000 0.000000 0.000000 0.000000 0.000000
# Solution 88: sup_norm = 0.026057
0.188201 0.070570 0.112321 0.026014 0.026081 0.000000 0.218251 0.009851 0.076801 0.000000 0.000000 0.000000 0.000000 0.000000 0.000000 0.000000 0.271800 0.000026 0.000000 0.000000 0.000000 0.000000 0.000000 0.000000 0.000000 0.000000 0.000000 0.000000 0.000000 0.000000
# Solution 89: sup_norm = 0.026057
0.340759 0.076669 0.054954 0.015344 0.026024 0.000000 0.065690 0.003667 0.134139 0.010691 0.000000 0.000076 0.000000 0.000000 0.000000 0.000000 0.271817 0.000000 0.000000 0.000000 0.000000 0.000000 0.000000 0.000000 0.000000 0.000131 0.000000 0.000000 0.000000 0.000000
# Solution 90: sup_norm = 0.026057
0.314722 0.031771 0.000000 0.000000 0.026030 0.000000 0.091730 0.048522 0.189062 0.026085 0.000000 0.000220 0.000000 0.000000 0.000000 0.000000 0.271859 0.000000 0.000000 0.000000 0.000000 0.000000 0.000000 0.000000 0.000000 0.000000 0.000000 0.000000 0.000000 0.000000
# Solution 91: sup_norm = 0.026059
0.145059 0.073366 0.102433 0.024100 0.026106 0.000000 0.261431 0.007076 0.086646 0.001975 0.000000 0.000000 0.000000 0.000000 0.000000 0.000000 0.271796 0.000000 0.000000 0.000000 0.000000 0.000000 0.000012 0.000000 0.000000 0.000000 0.000000 0.000000 0.000000 0.000000
# Solution 92: sup_norm = 0.026062
0.274921 0.002516 0.112011 0.015520 0.026057 0.000000 0.131558 0.077852 0.077107 0.010498 0.000000 0.000000 0.000000 0.000000 0.000000 0.000000 0.271912 0.000000 0.000000 0.000000 0.000000 0.000000 0.000000 0.000000 0.000000 0.000000 0.000042 0.000000 0.000000 0.000000
# Solution 93: sup_norm = 0.026063
0.160450 0.000000 0.087426 0.000000 0.026052 0.000000 0.246013 0.080375 0.101629 0.026147 0.000000 0.000000 0.000001 0.000000 0.000000 0.000000 0.271877 0.000000 0.000000 0.000000 0.000000 0.000000 0.000000 0.000000 0.000000 0.000000 0.000000 0.000000 0.000000 0.000000
# Solution 94: sup_norm = 0.026063
0.302125 0.000000 0.000000 0.018558 0.026105 0.000000 0.104346 0.080410 0.189111 0.007537 0.000000 0.000000 0.000000 0.000000 0.000000 0.000000 0.271790 0.000000 0.000000 0.000000 0.000000 0.000000 0.000000 0.000000 0.000000 0.000000 0.000000 0.000000 0.000000 0.000000
# Solution 95: sup_norm = 0.026064
0.182016 0.080423 0.164150 0.026054 0.026050 0.000000 0.224535 0.000000 0.024962 0.000000 0.000000 0.000000 0.000000 0.000000 0.000000 0.000000 0.271789 0.000000 0.000000 0.000000 0.000000 0.000000 0.000000 0.000000 0.000000 0.000000 0.000000 0.000000 0.000000 0.000000
# Solution 96: sup_norm = 0.026064
0.406438 0.057680 0.087900 0.019419 0.025913 0.000000 0.000000 0.022716 0.101213 0.006621 0.000000 0.000000 0.000000 0.000000 0.000000 0.000000 0.271813 0.000000 0.000233 0.000000 0.000000 0.000000 0.000000 0.000000 0.000000 0.000000 0.000000 0.000000 0.000000 0.000000
# Solution 97: sup_norm = 0.026064
0.265114 0.080363 0.189174 0.004875 0.026068 0.000000 0.141361 0.000000 0.000000 0.021165 0.000000 0.000000 0.000000 0.000000 0.000000 0.000000 0.271879 0.000000 0.000000 0.000000 0.000000 0.000000 0.000000 0.000000 0.000000 0.000000 0.000000 0.000000 0.000000 0.000000
# Solution 98: sup_norm = 0.026064
0.155247 0.000000 0.115438 0.017002 0.026037 0.000000 0.251191 0.080398 0.073682 0.009037 0.000000 0.000000 0.000000 0.000000 0.000000 0.000000 0.271926 0.000000 0.000000 0.000040 0.000000 0.000000 0.000000 0.000000 0.000000 0.000000 0.000000 0.000000 0.000000 0.000000
# Solution 99: sup_norm = 0.026065
0.310327 0.025377 0.065250 0.025683 0.026170 0.000000 0.096113 0.055001 0.123804 0.000277 0.000000 0.000000 0.000000 0.000000 0.000000 0.000000 0.271833 0.000160 0.000000 0.000000 0.000000 0.000000 0.000000 0.000000 0.000000 0.000000 0.000000 0.000000 0.000000 0.000000
# Solution 100: sup_norm = 0.026065
0.225316 0.034002 0.178143 0.007940 0.026057 0.000000 0.181121 0.046452 0.010940 0.018115 0.000000 0.000000 0.000000 0.000000 0.000000 0.000000 0.271875 0.000000 0.000000 0.000000 0.000036 0.000000 0.000000 0.000000 0.000000 0.000000 0.000000 0.000000 0.000000 0.000000
# Solution 101: sup_norm = 0.026066
0.169130 0.080365 0.134443 0.000000 0.026052 0.000000 0.237353 0.000000 0.054533 0.026038 0.000000 0.000000 0.000111 0.000000 0.000000 0.000000 0.271832 0.000000 0.000000 0.000120 0.000000 0.000000 0.000000 0.000000 0.000000 0.000000 0.000000 0.000000 0.000000 0.000000
# Solution 102: sup_norm = 0.026066
0.140262 0.000000 0.088241 0.000000 0.026015 0.000000 0.266259 0.080363 0.100820 0.026162 0.000000 0.000000 0.000000 0.000000 0.000000 0.000000 0.271869 0.000000 0.000000 0.000000 0.000000 0.000000 0.000000 0.000000 0.000000 0.000000 0.000000 0.000000 0.000000 0.000000
# Solution 103: sup_norm = 0.026066
0.182385 0.000000 0.087997 0.026089 0.026055 0.000000 0.224038 0.080374 0.101075 0.000000 0.000081 0.000000 0.000000 0.000000 0.000000 0.000000 0.271785 0.000000 0.000000 0.000000 0.000000 0.000000 0.000000 0.000000 0.000000 0.000000 0.000000 0.000000 0.000000 0.000000
# Solution 104: sup_norm = 0.026067
0.194230 0.080361 0.071732 0.000000 0.025998 0.000000 0.212205 0.000000 0.117443 0.026039 0.000000 0.000000 0.000000 0.000000 0.000037 0.000000 0.271943 0.000000 0.000000 0.000000 0.000000 0.000000 0.000000 0.000000 0.000000 0.000000 0.000000 0.000000 0.000000 0.000000
# Solution 105: sup_norm = 0.026067
0.172449 0.043873 0.170479 0.026034 0.026017 0.000000 0.233986 0.036527 0.018598 0.000000 0.000000 0.000000 0.000000 0.000000 0.000000 0.000000 0.271944 0.000000 0.000000 0.000000 0.000000 0.000000 0.000044 0.000000 0.000000 0.000000 0.000000 0.000000 0.000000 0.000000
# Solution 106: sup_norm = 0.026067
0.111809 0.080362 0.000661 0.016782 0.026032 0.000000 0.294669 0.000000 0.188386 0.009389 0.000000 0.000000 0.000000 0.000000 0.000000 0.000000 0.271844 0.000000 0.000000 0.000023 0.000000 0.000000 0.000040 0.000000 0.000000 0.000000 0.000000 0.000000 0.000000 0.000000
# Solution 107: sup_norm = 0.026068
0.180581 0.080358 0.160230 0.024976 0.026030 0.000000 0.225915 0.000000 0.028879 0.001122 0.000000 0.000000 0.000000 0.000000 0.000000 0.000000 0.271888 0.000000 0.000000 0.000000 0.000000 0.000000 0.000000 0.000000 0.000000 0.000000 0.000000 0.000000 0.000000 0.000000
# Solution 108: sup_norm = 0.026068
0.406481 0.007477 0.058499 0.000000 0.026013 0.000000 0.000000 0.072969 0.130605 0.026172 0.000000 0.000000 0.000000 0.000000 0.000000 0.000000 0.271782 0.000000 0.000000 0.000000 0.000000 0.000000 0.000000 0.000000 0.000000 0.000000 0.000000 0.000000 0.000000 0.000000
# Solution 109: sup_norm = 0.026069
0.178114 0.080379 0.000000 0.019011 0.026062 0.000000 0.228318 0.000000 0.189034 0.007039 0.000000 0.000000 0.000075 0.000000 0.000000 0.000000 0.271911 0.000000 0.000000 0.000000 0.000000 0.000000 0.000000 0.000000 0.000000 0.000000 0.000000 0.000000 0.000000 0.000000
# Solution 110: sup_norm = 0.026070
0.102828 0.033099 0.109169 0.026016 0.026024 0.000000 0.303604 0.047372 0.079939 0.000000 0.000000 0.000000 0.000000 0.000000 0.000000 0.000000 0.271854 0.000000 0.000000 0.000000 0.000000 0.000000 0.000000 0.000000 0.000000 0.000000 0.000042 0.000000 0.000000 0.000000
# Solution 111: sup_norm = 0.026070
0.042730 0.000000 0.131099 0.010248 0.025782 0.000000 0.363793 0.080375 0.058031 0.015780 0.000000 0.000000 0.000000 0.000000 0.000000 0.000000 0.271809 0.000000 0.000328 0.000000 0.000000 0.000000 0.000000 0.000000 0.000000 0.000000 0.000000 0.000008 0.000000 0.000000
# Solution 112: sup_norm = 0.026071
0.228306 0.030725 0.000000 0.000000 0.026082 0.000000 0.178159 0.049629 0.189117 0.026028 0.000000 0.000000 0.000000 0.000000 0.000000 0.000000 0.271917 0.000000 0.000000 0.000000 0.000000 0.000001 0.000000 0.000000 0.000000 0.000000 0.000000 0.000000 0.000000 0.000000
# Solution 113: sup_norm = 0.026072
0.215847 0.000000 0.111613 0.026008 0.026065 0.000000 0.190628 0.080367 0.077059 0.000000 0.000000 0.000000 0.000583 0.000000 0.000000 0.000000 0.271776 0.000000 0.000047 0.000000 0.000000 0.000000 0.000000 0.000000 0.000000 0.000000 0.000000 0.000000 0.000000 0.000000
# Solution 114: sup_norm = 0.026072
0.198736 0.017141 0.083174 0.000000 0.025980 0.000000 0.207704 0.063209 0.106046 0.026110 0.000000 0.000040 0.000000 0.000000 0.000000 0.000000 0.271807 0.000000 0.000040 0.000000 0.000000 0.000000 0.000000 0.000000 0.000000 0.000000 0.000000 0.000000 0.000000 0.000000
# Solution 115: sup_norm = 0.026073
0.237521 0.043919 0.006674 0.000125 0.026220 0.000000 0.168911 0.036442 0.182416 0.025983 0.000000 0.000000 0.000000 0.000000 0.000000 0.000000 0.271775 0.000000 0.000000 0.000000 0.000000 0.000000 0.000000 0.000001 0.000000 0.000000 0.000000 0.000000 0.000000 0.000000
# Solution 116: sup_norm = 0.026073
0.158503 0.064313 0.077177 0.006756 0.025950 0.000000 0.247978 0.016057 0.111874 0.019369 0.000000 0.000000 0.000000 0.000000 0.000000 0.000000 0.271933 0.000000 0.000081 0.000000 0.000000 0.000000 0.000000 0.000000 0.000000 0.000000 0.000000 0.000000 0.000000 0.000000
# Solution 117: sup_norm = 0.026074
0.309596 0.050566 0.118088 0.023604 0.025931 0.000000 0.096866 0.029786 0.070992 0.002355 0.000000 0.000000 0.000000 0.000086 0.000000 0.000000 0.271781 0.000000 0.000333 0.000000 0.000000 0.000000 0.000000 0.000000 0.000000 0.000000 0.000000 0.000000 0.000000 0.000000
# Solution 118: sup_norm = 0.026074
0.260581 0.057694 0.034570 0.022279 0.025959 0.000000 0.145876 0.022752 0.154474 0.003811 0.000000 0.000000 0.000000 0.000000 0.000132 0.000000 0.271872 0.000000 0.000000 0.000000 0.000000 0.000000 0.000000 0.000000 0.000000 0.000000 0.000000 0.000000 0.000000 0.000000
# Solution 119: sup_norm = 0.026074
0.079493 0.080453 0.149209 0.026040 0.025996 0.000000 0.327069 0.000000 0.039876 0.000000 0.000000 0.000000 0.000000 0.000000 0.000071 0.000000 0.271773 0.000000 0.000000 0.000000 0.000000 0.000000 0.000000 0.000000 0.000000 0.000000 0.000000 0.000000 0.000000 0.000000
# Solution 120: sup_norm = 0.026074
0.187336 0.000000 0.026628 0.021702 0.026013 0.000000 0.219130 0.080351 0.162330 0.004338 0.000000 0.000000 0.000122 0.000000 0.000000 0.000000 0.271779 0.000000 0.000000 0.000000 0.000000 0.000000 0.000000 0.000000 0.000000 0.000000 0.000000 0.000000 0.000000 0.000000
# Solution 121: sup_norm = 0.026075
0.193995 0.000000 0.121290 0.001001 0.026004 0.000000 0.212537 0.080394 0.067868 0.025074 0.000000 0.000000 0.000000 0.000000 0.000000 0.000000 0.271827 0.000000 0.000000 0.000000 0.000000 0.000000 0.000000 0.000000 0.000000 0.000000 0.000000 0.000000 0.000000 0.000000
# Solution 122: sup_norm = 0.026075
0.164451 0.054523 0.148936 0.000775 0.026085 0.000000 0.242013 0.025912 0.040200 0.025229 0.000000 0.000000 0.000000 0.000000 0.000080 0.000000 0.271795 0.000000 0.000000 0.000000 0.000000 0.000000 0.000000 0.000000 0.000000 0.000000 0.000000 0.000000 0.000000 0.000000
# Solution 123: sup_norm = 0.026075
0.170900 0.000157 0.154701 0.001420 0.026004 0.000000 0.235605 0.080263 0.034365 0.024714 0.000000 0.000000 0.000000 0.000000 0.000000 0.000000 0.271857 0.000000 0.000000 0.000000 0.000000 0.000000 0.000000 0.000000 0.000000 0.000000 0.000000 0.000000 0.000000 0.000000
# Solution 124: sup_norm = 0.026077
0.139684 0.030993 0.000039 0.000000 0.026003 0.000000 0.266768 0.049356 0.189038 0.026164 0.000000 0.000000 0.000000 0.000000 0.000000 0.000000 0.271954 0.000000 0.000000 0.000000 0.000000 0.000000 0.000000 0.000000 0.000000 0.000000 0.000000 0.000000 0.000000 0.000000
# Solution 125: sup_norm = 0.026077
0.143848 0.032956 0.000000 0.026006 0.026087 0.000000 0.262576 0.047443 0.189141 0.000000 0.000000 0.000000 0.000000 0.000000 0.000000 0.000000 0.271786 0.000000 0.000000 0.000000 0.000000 0.000000 0.000153 0.000000 0.000000 0.000000 0.000000 0.000000 0.000000 0.000000
# Solution 126: sup_norm = 0.026077
0.203530 0.077546 0.152214 0.026200 0.026056 0.000000 0.203008 0.002816 0.036826 0.000000 0.000000 0.000000 0.000000 0.000000 0.000000 0.000000 0.271797 0.000000 0.000000 0.000000 0.000000 0.000000 0.000000 0.000000 0.000000 0.000000 0.000000 0.000000 0.000000 0.000000
# Solution 127: sup_norm = 0.026077
0.253072 0.016930 0.138659 0.026019 0.025977 0.000000 0.153434 0.063459 0.050381 0.000000 0.000000 0.000000 0.000000 0.000000 0.000103 0.000000 0.271919 0.000000 0.000000 0.000000 0.000000 0.000000 0.000000 0.000000 0.000000 0.000000 0.000000 0.000000 0.000000 0.000000
# Solution 128: sup_norm = 0.026077
0.275631 0.017907 0.081329 0.000000 0.026087 0.000000 0.130815 0.062476 0.107711 0.026083 0.000000 0.000000 0.000000 0.000000 0.000000 0.000000 0.271783 0.000000 0.000000 0.000000 0.000000 0.000000 0.000000 0.000000 0.000161 0.000000 0.000000 0.000000 0.000000 0.000000
# Solution 129: sup_norm = 0.026078
0.207151 0.040935 0.105513 0.025525 0.025921 0.000000 0.199271 0.039413 0.083671 0.000556 0.000000 0.000000 0.000000 0.000000 0.000055 0.000000 0.271866 0.000000 0.000090 0.000000 0.000000 0.000000 0.000000 0.000000 0.000000 0.000000 0.000000 0.000000 0.000000 0.000000
# Solution 130: sup_norm = 0.026078
0.238944 0.069996 0.103601 0.026018 0.026073 0.000000 0.167526 0.010359 0.085673 0.000000 0.000000 0.000000 0.000000 0.000000 0.000000 0.000000 0.271766 0.000000 0.000000 0.000000 0.000000 0.000000 0.000000 0.000000 0.000000 0.000000 0.000000 0.000000 0.000000 0.000003
# Solution 131: sup_norm = 0.026079
0.169193 0.000000 0.045923 0.000000 0.026154 0.000000 0.237261 0.080346 0.143210 0.026050 0.000000 0.000000 0.000000 0.000000 0.000000 0.000000 0.271775 0.000000 0.000000 0.000000 0.000000 0.000000 0.000075 0.000000 0.000000 0.000000 0.000000 0.000000 0.000000 0.000000
# Solution 132: sup_norm = 0.026079
0.206213 0.078609 0.011817 0.000000 0.026062 0.000000 0.200190 0.001813 0.177284 0.026000 0.000146 0.000000 0.000000 0.000000 0.000000 0.000000 0.271778 0.000000 0.000000 0.000000 0.000000 0.000000 0.000000 0.000000 0.000000 0.000000 0.000000 0.000000 0.000000 0.000000
# Solution 133: sup_norm = 0.026080
0.159018 0.080345 0.142736 0.012616 0.025999 0.000000 0.247561 0.000020 0.046409 0.013465 0.000000 0.000000 0.000000 0.000000 0.000000 0.000000 0.271810 0.000000 0.000000 0.000000 0.000000 0.000000 0.000000 0.000000 0.000000 0.000000 0.000000 0.000000 0.000000 0.000000
# Solution 134: sup_norm = 0.026082
0.215914 0.022872 0.059561 0.012842 0.025886 0.000000 0.190542 0.057471 0.129529 0.013160 0.000000 0.000000 0.000000 0.000000 0.000169 0.000000 0.271914 0.000000 0.000000 0.000000 0.000000 0.000000 0.000000 0.000000 0.000000 0.000000 0.000000 0.000000 0.000000 0.000000
# Solution 135: sup_norm = 0.026082
0.129827 0.062371 0.124130 0.001368 0.025955 0.000000 0.276580 0.018016 0.064976 0.024544 0.000017 0.000000 0.000000 0.000334 0.000000 0.000000 0.271786 0.000000 0.000060 0.000000 0.000000 0.000000 0.000000 0.000000 0.000000 0.000000 0.000000 0.000000 0.000000 0.000000
# Solution 136: sup_norm = 0.026082
0.247178 0.080221 0.109301 0.021109 0.026028 0.000000 0.159248 0.000422 0.079795 0.004926 0.000000 0.000000 0.000000 0.000000 0.000000 0.000000 0.271760 0.000000 0.000000 0.000000 0.000000 0.000000 0.000000 0.000000 0.000000 0.000000 0.000000 0.000000 0.000000 0.000000
# Solution 137: sup_norm = 0.026083
0.236306 0.000000 0.125539 0.026009 0.026119 0.000000 0.170271 0.080328 0.063534 0.000000 0.000000 0.000020 0.000000 0.000000 0.000000 0.000000 0.271797 0.000000 0.000000 0.000000 0.000000 0.000000 0.000000 0.000000 0.000000 0.000000 0.000000 0.000000 0.000000 0.000000
# Solution 138: sup_norm = 0.026083
0.224026 0.000000 0.093860 0.023753 0.025910 0.000000 0.182391 0.080351 0.095254 0.002274 0.000000 0.000000 0.000000 0.000000 0.000304 0.000000 0.271799 0.000000 0.000000 0.000000 0.000000 0.000000 0.000000 0.000000 0.000000 0.000000 0.000000 0.000000 0.000000 0.000000
# Solution 139: sup_norm = 0.026084
0.164175 0.009806 0.031329 0.003055 0.025531 0.000000 0.242256 0.070583 0.157704 0.022969 0.000000 0.000000 0.000000 0.000000 0.000711 0.000000 0.271776 0.000000 0.000000 0.000000 0.000052 0.000000 0.000000 0.000000 0.000000 0.000000 0.000000 0.000000 0.000000 0.000000
# Solution 140: sup_norm = 0.026084
0.286242 0.080341 0.000000 0.025483 0.025923 0.000000 0.120184 0.000000 0.189207 0.000716 0.000000 0.000000 0.000000 0.000000 0.000111 0.000000 0.271788 0.000000 0.000000 0.000000 0.000000 0.000000 0.000000 0.000000 0.000000 0.000000 0.000000 0.000000 0.000000 0.000000
# Solution 141: sup_norm = 0.026084
0.263926 0.078110 0.151173 0.026076 0.025994 0.000000 0.142490 0.002351 0.037925 0.000000 0.000000 0.000000 0.000000 0.000000 0.000037 0.000000 0.271865 0.000000 0.000000 0.000000 0.000000 0.000000 0.000000 0.000000 0.000000 0.000000 0.000000 0.000000 0.000000 0.000000
# Solution 142: sup_norm = 0.026088
0.112542 0.080253 0.028349 0.025976 0.026010 0.000000 0.293925 0.000159 0.160792 0.000000 0.000000 0.000000 0.000000 0.000000 0.000000 0.000000 0.271826 0.000022 0.000000 0.000000 0.000000 0.000000 0.000000 0.000000 0.000000 0.000000 0.000000 0.000000 0.000000 0.000000
# Solution 143: sup_norm = 0.026089
0.148352 0.002316 0.108282 0.025987 0.026015 0.000000 0.258059 0.078091 0.080979 0.000000 0.000000 0.000000 0.000000 0.000000 0.000000 0.000000 0.271784 0.000040 0.000000 0.000000 0.000000 0.000000 0.000000 0.000000 0.000000 0.000062 0.000000 0.000000 0.000000 0.000000
# Solution 144: sup_norm = 0.026090
0.208398 0.000000 0.016994 0.026024 0.026072 0.000000 0.198059 0.080517 0.172134 0.000000 0.000000 0.000000 0.000053 0.000000 0.000000 0.000000 0.271748 0.000000 0.000000 0.000000 0.000000 0.000000 0.000000 0.000000 0.000000 0.000000 0.000000 0.000000 0.000000 0.000000
# Solution 145: sup_norm = 0.026091
0.299037 0.000000 0.085745 0.025991 0.026068 0.000000 0.107372 0.080492 0.103458 0.000000 0.000000 0.000000 0.000000 0.000000 0.000000 0.000000 0.271805 0.000000 0.000000 0.000000 0.000025 0.000000 0.000000 0.000000 0.000000 0.000000 0.000000 0.000000 0.000000 0.000000
# Solution 146: sup_norm = 0.026091
0.154849 0.000187 0.189028 0.021166 0.025660 0.000000 0.251630 0.080225 0.000000 0.004821 0.000000 0.000000 0.000000 0.000000 0.000572 0.000000 0.271847 0.000000 0.000000 0.000000 0.000000 0.000000 0.000000 0.000000 0.000000 0.000000 0.000000 0.000000 0.000000 0.000000
# Solution 147: sup_norm = 0.026092
0.277892 0.019460 0.110145 0.000000 0.025987 0.000000 0.128551 0.060938 0.079183 0.026004 0.000000 0.000000 0.000000 0.000000 0.000000 0.000000 0.271815 0.000000 0.000000 0.000000 0.000000 0.000000 0.000000 0.000000 0.000000 0.000000 0.000000 0.000000 0.000000 0.000000
# Solution 148: sup_norm = 0.026092
0.262484 0.027952 0.189067 0.003100 0.025818 0.000000 0.143923 0.052650 0.000000 0.022898 0.000000 0.000000 0.000000 0.000000 0.000257 0.000000 0.271843 0.000000 0.000000 0.000000 0.000000 0.000000 0.000000 0.000000 0.000000 0.000000 0.000000 0.000000 0.000000 0.000000
# Solution 149: sup_norm = 0.026093
0.148546 0.000000 0.000000 0.009630 0.026038 0.000000 0.258204 0.080344 0.189093 0.016379 0.000000 0.000000 0.000000 0.000000 0.000000 0.000000 0.271743 0.000000 0.000000 0.000000 0.000000 0.000000 0.000000 0.000000 0.000000 0.000000 0.000000 0.000000 0.000000 0.000000
# Solution 150: sup_norm = 0.026093
0.273635 0.022773 0.156025 0.025985 0.026204 0.000000 0.132786 0.057575 0.033042 0.000000 0.000000 0.000000 0.000000 0.000000 0.000000 0.000000 0.271873 0.000000 0.000000 0.000000 0.000000 0.000000 0.000000 0.000000 0.000000 0.000000 0.000008 0.000000 0.000000 0.000000
# Solution 151: sup_norm = 0.026093
0.166988 0.023974 0.000000 0.000000 0.026173 0.000000 0.239462 0.056485 0.189139 0.025907 0.000000 0.000000 0.000000 0.000000 0.000000 0.000000 0.271743 0.000118 0.000000 0.000000 0.000000 0.000000 0.000000 0.000000 0.000000 0.000000 0.000000 0.000000 0.000000 0.000000
# Solution 152: sup_norm = 0.026095
0.220417 0.050472 0.112294 0.005777 0.026019 0.000000 0.186064 0.029880 0.076820 0.020333 0.000000 0.000000 0.000000 0.000000 0.000000 0.000000 0.271716 0.000000 0.000000 0.000000 0.000000 0.000000 0.000000 0.000000 0.000000 0.000000 0.000193 0.000000 0.000000 0.000000
# Solution 153: sup_norm = 0.026095
0.258163 0.000170 0.179808 0.026159 0.025999 0.000000 0.148248 0.080153 0.009213 0.000000 0.000000 0.000208 0.000000 0.000000 0.000000 0.000000 0.271862 0.000000 0.000000 0.000000 0.000000 0.000000 0.000000 0.000000 0.000000 0.000000 0.000000 0.000000 0.000000 0.000000
# Solution 154: sup_norm = 0.026095
0.150672 0.038897 0.006437 0.018165 0.025947 0.000000 0.255879 0.041463 0.182611 0.007818 0.000000 0.000000 0.000000 0.000000 0.000123 0.000000 0.271793 0.000000 0.000000 0.000000 0.000000 0.000000 0.000000 0.000000 0.000000 0.000000 0.000000 0.000000 0.000000 0.000000
# Solution 155: sup_norm = 0.026097
0.228095 0.040616 0.071902 0.017677 0.026055 0.000000 0.178329 0.040008 0.117109 0.008352 0.000000 0.000000 0.000012 0.000000 0.000000 0.000000 0.271828 0.000009 0.000000 0.000000 0.000000 0.000000 0.000000 0.000000 0.000000 0.000000 0.000000 0.000000 0.000000 0.000000
# Solution 156: sup_norm = 0.026098
0.146375 0.020902 0.119806 0.012983 0.026057 0.000000 0.260205 0.059424 0.069073 0.013041 0.000000 0.000000 0.000288 0.000000 0.000000 0.000000 0.271833 0.000000 0.000000 0.000000 0.000000 0.000000 0.000000 0.000000 0.000000 0.000000 0.000000 0.000000 0.000000 0.000000
# Solution 157: sup_norm = 0.026098
0.134348 0.054199 0.064051 0.026096 0.026054 0.000000 0.272207 0.026126 0.124982 0.000000 0.000000 0.000000 0.000000 0.000000 0.000000 0.000110 0.271802 0.000000 0.000000 0.000000 0.000000 0.000000 0.000000 0.000000 0.000000 0.000000 0.000000 0.000000 0.000000 0.000000
# Solution 158: sup_norm = 0.026099
0.179737 0.042605 0.031249 0.026069 0.025979 0.000000 0.226859 0.037872 0.157801 0.000000 0.000000 0.000022 0.000000 0.000000 0.000000 0.000000 0.271798 0.000000 0.000000 0.000000 0.000000 0.000000 0.000000 0.000000 0.000000 0.000000 0.000000 0.000000 0.000000 0.000000
# Solution 159: sup_norm = 0.026099
0.195316 0.000000 0.000000 0.016462 0.026079 0.000000 0.211056 0.080576 0.189019 0.009633 0.000095 0.000000 0.000000 0.000000 0.000000 0.000000 0.271734 0.000000 0.000000 0.000000 0.000000 0.000000 0.000000 0.000000 0.000000 0.000000 0.000000 0.000000 0.000000 0.000000
# Solution 160: sup_norm = 0.026099
0.188141 0.063467 0.116292 0.000000 0.026116 0.000000 0.218381 0.016878 0.072724 0.026165 0.000000 0.000000 0.000000 0.000000 0.000000 0.000000 0.271753 0.000000 0.000000 0.000000 0.000000 0.000000 0.000000 0.000000 0.000000 0.000000 0.000000 0.000000 0.000000 0.000078
# Solution 161: sup_norm = 0.026099
0.272836 0.029416 0.117820 0.000000 0.026019 0.000000 0.133800 0.051176 0.071196 0.025980 0.000000 0.000000 0.000000 0.000000 0.000000 0.000000 0.271753 0.000000 0.000000 0.000000 0.000000 0.000000 0.000000 0.000000 0.000000 0.000000 0.000000 0.000000 0.000000 0.000000
# Solution 162: sup_norm = 0.026100
0.153493 0.055601 0.120047 0.000000 0.025978 0.000000 0.252907 0.024723 0.067666 0.025978 0.000000 0.000000 0.001874 0.000000 0.000000 0.000000 0.271733 0.000000 0.000000 0.000000 0.000000 0.000000 0.000000 0.000000 0.000000 0.000000 0.000000 0.000000 0.000000 0.000000
# Solution 163: sup_norm = 0.026101
0.132763 0.054369 0.045556 0.001254 0.025981 0.000000 0.273635 0.026044 0.143554 0.025051 0.000000 0.000000 0.000000 0.000000 0.000000 0.000000 0.271739 0.000000 0.000000 0.000000 0.000000 0.000000 0.000000 0.000000 0.000000 0.000000 0.000000 0.000000 0.000000 0.000000
# Solution 164: sup_norm = 0.026101
0.146273 0.065221 0.184124 0.025979 0.024684 0.000000 0.260126 0.015107 0.004896 0.000000 0.000000 0.000000 0.000000 0.000000 0.000000 0.000000 0.271731 0.000000 0.001858 0.000000 0.000000 0.000000 0.000000 0.000001 0.000000 0.000000 0.000000 0.000000 0.000000 0.000000
# Solution 165: sup_norm = 0.026102
0.288006 0.077916 0.087276 0.000000 0.026059 0.000000 0.118449 0.002405 0.101650 0.026021 0.000000 0.000000 0.000270 0.000000 0.000000 0.000000 0.271923 0.000000 0.000000 0.000000 0.000000 0.000000 0.000000 0.000000 0.000000 0.000000 0.000000 0.000000 0.000000 0.000000
# Solution 166: sup_norm = 0.026102
0.163772 0.077235 0.177382 0.025107 0.025987 0.000000 0.242792 0.003207 0.011638 0.000950 0.000000 0.000000 0.000000 0.000000 0.000000 0.000000 0.271719 0.000000 0.000000 0.000000 0.000000 0.000000 0.000000 0.000000 0.000000 0.000000 0.000000 0.000087 0.000000 0.000000
# Solution 167: sup_norm = 0.026102
0.266761 0.080565 0.116096 0.000000 0.025968 0.000000 0.139635 0.000000 0.072940 0.026098 0.000000 0.000000 0.000000 0.000000 0.000000 0.000000 0.271777 0.000000 0.000000 0.000000 0.000000 0.000000 0.000000 0.000022 0.000000 0.000000 0.000000 0.000000 0.000000 0.000111
# Solution 168: sup_norm = 0.026103
0.188081 0.042718 0.118176 0.026081 0.025974 0.000093 0.218395 0.037597 0.070948 0.000000 0.000000 0.000000 0.000000 0.000000 0.000000 0.000000 0.271785 0.000000 0.000000 0.000000 0.000000 0.000109 0.000000 0.000000 0.000000 0.000000 0.000000 0.000000 0.000000 0.000000
# Solution 169: sup_norm = 0.026104
0.137989 0.003773 0.183718 0.000000 0.026098 0.000000 0.268521 0.076464 0.005319 0.025769 0.000000 0.000140 0.000000 0.000410 0.000000 0.000000 0.271726 0.000000 0.000000 0.000000 0.000000 0.000000 0.000000 0.000000 0.000000 0.000000 0.000000 0.000000 0.000000 0.000000
# Solution 170: sup_norm = 0.026106
0.151636 0.014682 0.086745 0.005713 0.025996 0.000000 0.254938 0.065749 0.102317 0.020258 0.000000 0.000000 0.000000 0.000000 0.000000 0.000184 0.271772 0.000000 0.000000 0.000000 0.000000 0.000000 0.000000 0.000000 0.000000 0.000000 0.000000 0.000000 0.000000 0.000000
# Solution 171: sup_norm = 0.026106
0.227455 0.041906 0.086890 0.009752 0.024682 0.000000 0.178947 0.038441 0.102118 0.016225 0.000000 0.000000 0.000000 0.000000 0.000000 0.000000 0.271730 0.000000 0.001852 0.000000 0.000000 0.000000 0.000000 0.000000 0.000000 0.000000 0.000000 0.000000 0.000000 0.000000
# Solution 172: sup_norm = 0.026107
0.005799 0.080374 0.102780 0.006141 0.026010 0.000000 0.400905 0.000000 0.086259 0.019920 0.000000 0.000000 0.000000 0.000000 0.000000 0.000000 0.271718 0.000000 0.000000 0.000000 0.000000 0.000000 0.000000 0.000000 0.000000 0.000000 0.000030 0.000000 0.000000 0.000000
# Solution 173: sup_norm = 0.026107
0.158521 0.000000 0.117569 0.000000 0.025985 0.000000 0.248185 0.080385 0.071439 0.026058 0.000000 0.000000 0.000000 0.000000 0.000000 0.000000 0.271814 0.000000 0.000000 0.000000 0.000000 0.000000 0.000000 0.000000 0.000000 0.000000 0.000000 0.000000 0.000000 0.000000
# Solution 174: sup_norm = 0.026108
0.184351 0.037349 0.061641 0.000000 0.025971 0.000000 0.222040 0.043109 0.127407 0.026205 0.000000 0.000000 0.000000 0.000000 0.000000 0.000000 0.271878 0.000000 0.000000 0.000000 0.000000 0.000000 0.000000 0.000000 0.000038 0.000000 0.000000 0.000000 0.000000 0.000000
# Solution 175: sup_norm = 0.026108
0.190225 0.037355 0.074786 0.020503 0.025968 0.000000 0.216120 0.043173 0.114512 0.005493 0.000116 0.000000 0.000000 0.000000 0.000000 0.000000 0.271747 0.000000 0.000000 0.000000 0.000000 0.000000 0.000000 0.000000 0.000000 0.000000 0.000000 0.000000 0.000000 0.000000
# Solution 176: sup_norm = 0.026111
0.224844 0.049709 0.039829 0.025934 0.026070 0.000000 0.181508 0.030808 0.149200 0.000059 0.000051 0.000000 0.000000 0.000000 0.000000 0.000000 0.271928 0.000000 0.000000 0.000000 0.000000 0.000000 0.000000 0.000000 0.000000 0.000000 0.000000 0.000000 0.000000 0.000000
# Solution 177: sup_norm = 0.026111
0.148116 0.061529 0.049118 0.026056 0.025887 0.000000 0.258558 0.018957 0.139933 0.000000 0.000000 0.000000 0.000000 0.000000 0.000112 0.000000 0.271716 0.000000 0.000000 0.000000 0.000000 0.000000 0.000000 0.000000 0.000000 0.000000 0.000000 0.000000 0.000000 0.000000
# Solution 178: sup_norm = 0.026112
0.240270 0.080331 0.043557 0.003362 0.025965 0.000000 0.166363 0.000000 0.145449 0.022657 0.000000 0.000000 0.000000 0.000000 0.000000 0.000000 0.271747 0.000000 0.000000 0.000000 0.000000 0.000000 0.000000 0.000000 0.000000 0.000000 0.000000 0.000000 0.000295 0.000000
# Solution 179: sup_norm = 0.026112
0.267148 0.000052 0.078814 0.000000 0.025683 0.000000 0.139238 0.080272 0.110319 0.026020 0.000000 0.000000 0.000000 0.000000 0.000448 0.000000 0.271893 0.000000 0.000000 0.000000 0.000000 0.000000 0.000000 0.000000 0.000000 0.000000 0.000000 0.000000 0.000000 0.000000
# Solution 180: sup_norm = 0.026112
0.249497 0.039300 0.001305 0.021403 0.026030 0.000000 0.156889 0.041025 0.187787 0.004785 0.000000 0.000000 0.000000 0.000000 0.000000 0.000000 0.271926 0.000000 0.000000 0.000000 0.000042 0.000000 0.000000 0.000000 0.000000 0.000000 0.000000 0.000000 0.000000 0.000000
# Solution 181: sup_norm = 0.026112
0.174747 0.066322 0.105060 0.004163 0.026116 0.000000 0.231551 0.014117 0.083949 0.021837 0.000326 0.000000 0.000000 0.000050 0.000000 0.000000 0.271713 0.000000 0.000000 0.000000 0.000000 0.000000 0.000000 0.000000 0.000000 0.000000 0.000000 0.000000 0.000000 0.000000
# Solution 182: sup_norm = 0.026113
0.193294 0.023739 0.072673 0.010781 0.025965 0.000000 0.211602 0.056572 0.116330 0.015190 0.002144 0.000000 0.000000 0.000000 0.000000 0.000000 0.271712 0.000000 0.000000 0.000000 0.000000 0.000000 0.000000 0.000000 0.000000 0.000000 0.000000 0.000000 0.000000 0.000000
# Solution 183: sup_norm = 0.026114
0.130404 0.023857 0.082830 0.025970 0.025996 0.000000 0.276134 0.056732 0.106172 0.000000 0.000000 0.000000 0.000000 0.000000 0.000000 0.000000 0.271688 0.000000 0.000000 0.000000 0.000000 0.000000 0.000000 0.000000 0.000000 0.000000 0.000000 0.000182 0.000000 0.000000
# Solution 184: sup_norm = 0.026115
0.226128 0.062772 0.008549 0.000000 0.026136 0.000000 0.180254 0.017586 0.180455 0.026210 0.000000 0.000000 0.000000 0.000000 0.000000 0.000000 0.271704 0.000000 0.000000 0.000000 0.000000 0.000000 0.000000 0.000000 0.000000 0.000000 0.000000 0.000062 0.000000 0.000000
# Solution 185: sup_norm = 0.026115
0.148492 0.041281 0.101722 0.000000 0.026103 0.000000 0.257890 0.039096 0.087301 0.025950 0.000000 0.000000 0.000000 0.000260 0.000000 0.000000 0.271865 0.000000 0.000000 0.000000 0.000000 0.000000 0.000000 0.000000 0.000000 0.000000 0.000000 0.000000 0.000000 0.000000
# Solution 186: sup_norm = 0.026117
0.229558 0.043060 0.000000 0.000000 0.026034 0.000000 0.176885 0.037391 0.189008 0.025391 0.000000 0.000000 0.000000 0.000713 0.000000 0.000000 0.271706 0.000214 0.000000 0.000000 0.000000 0.000000 0.000000 0.000000 0.000000 0.000000 0.000000 0.000000 0.000000 0.000000
# Solution 187: sup_norm = 0.026117
0.026371 0.002103 0.058918 0.016812 0.025978 0.000000 0.378546 0.078206 0.130089 0.009149 0.002121 0.000000 0.000000 0.000000 0.000000 0.000000 0.271705 0.000000 0.000000 0.000001 0.000000 0.000000 0.000000 0.000000 0.000000 0.000000 0.000000 0.000000 0.000000 0.000000
# Solution 188: sup_norm = 0.026119
0.214816 0.045310 0.086291 0.025959 0.025957 0.000000 0.189988 0.034996 0.102709 0.000000 0.002264 0.000000 0.000000 0.000000 0.000000 0.000000 0.271703 0.000000 0.000000 0.000000 0.000000 0.000000 0.000000 0.000000 0.000000 0.000000 0.000000 0.000006 0.000000 0.000000
# Solution 189: sup_norm = 0.026119
0.177430 0.080309 0.068279 0.026095 0.026027 0.000000 0.229228 0.000000 0.120716 0.000000 0.000000 0.000000 0.000000 0.000000 0.000000 0.000000 0.271731 0.000000 0.000000 0.000000 0.000000 0.000000 0.000000 0.000000 0.000000 0.000000 0.000000 0.000000 0.000182 0.000000
# Solution 190: sup_norm = 0.026120
0.136933 0.061861 0.049125 0.025498 0.026014 0.000000 0.269585 0.018503 0.139868 0.000402 0.000000 0.000000 0.000000 0.000000 0.000000 0.000000 0.271862 0.000242 0.000000 0.000000 0.000000 0.000000 0.000000 0.000000 0.000000 0.000000 0.000000 0.000000 0.000000 0.000000
# Solution 191: sup_norm = 0.026120
0.145176 0.080347 0.000000 0.000000 0.026036 0.000000 0.261300 0.000000 0.189034 0.026217 0.000000 0.000000 0.000000 0.000000 0.000000 0.000000 0.271701 0.000000 0.000000 0.000000 0.000000 0.000000 0.000000 0.000000 0.000000 0.000187 0.000000 0.000000 0.000000 0.000000
# Solution 192: sup_norm = 0.026121
0.131194 0.016388 0.188264 0.004271 0.026059 0.000000 0.274962 0.063913 0.000807 0.021734 0.000327 0.000000 0.000000 0.000000 0.000000 0.000000 0.272002 0.000000 0.000000 0.000000 0.000000 0.000000 0.000000 0.000000 0.000000 0.000000 0.000000 0.000000 0.000000 0.000000
# Solution 193: sup_norm = 0.026122
0.078336 0.080491 0.163873 0.026153 0.025938 0.000000 0.328039 0.000000 0.025165 0.000000 0.000000 0.000000 0.000000 0.000000 0.000000 0.000000 0.271702 0.000000 0.000271 0.000000 0.000000 0.000000 0.000000 0.000000 0.000000 0.000000 0.000000 0.000000 0.000000 0.000000
# Solution 194: sup_norm = 0.026123
0.187918 0.000000 0.054308 0.026043 0.025953 0.000000 0.218520 0.080280 0.134589 0.000000 0.000000 0.000190 0.000335 0.000000 0.000000 0.000000 0.271742 0.000000 0.000000 0.000000 0.000000 0.000000 0.000000 0.000000 0.000000 0.000000 0.000000 0.000000 0.000000 0.000000
# Solution 195: sup_norm = 0.026123
0.189192 0.015669 0.174441 0.025985 0.026244 0.000000 0.217047 0.064808 0.014579 0.000000 0.000200 0.000000 0.000000 0.000000 0.000000 0.000000 0.271697 0.000000 0.000000 0.000000 0.000000 0.000000 0.000095 0.000000 0.000000 0.000000 0.000000 0.000000 0.000000 0.000000
# Solution 196: sup_norm = 0.026124
0.301915 0.080428 0.039737 0.025951 0.026079 0.000000 0.104828 0.000000 0.149305 0.000000 0.000000 0.000000 0.000000 0.000000 0.000000 0.000000 0.271755 0.000000 0.000000 0.000000 0.000000 0.000000 0.000000 0.000000 0.000000 0.000000 0.000000 0.000000 0.000000 0.000000
# Solution 197: sup_norm = 0.026126
0.000000 0.036540 0.122712 0.000007 0.025975 0.000000 0.406409 0.042314 0.066327 0.025943 0.000000 0.002071 0.000000 0.000000 0.000000 0.000000 0.271695 0.000000 0.000000 0.000000 0.000000 0.000000 0.000000 0.000000 0.000000 0.000000 0.000000 0.000000 0.000000 0.000000
# Solution 198: sup_norm = 0.026126
0.252550 0.000000 0.021480 0.000000 0.025007 0.000000 0.153820 0.080328 0.167537 0.025943 0.000000 0.000000 0.000000 0.000049 0.000000 0.000000 0.271780 0.000000 0.001473 0.000000 0.000000 0.000000 0.000000 0.000000 0.000000 0.000000 0.000000 0.000000 0.000000 0.000000
# Solution 199: sup_norm = 0.026127
0.275515 0.031497 0.112354 0.025948 0.024257 0.000000 0.130860 0.048798 0.076635 0.000000 0.000000 0.000000 0.000000 0.000000 0.002434 0.000000 0.271696 0.000000 0.000000 0.000000 0.000000 0.000000 0.000006 0.000000 0.000000 0.000000 0.000000 0.000000 0.000000 0.000000
# Solution 200: sup_norm = 0.026127
0.304391 0.000000 0.093833 0.020423 0.025772 0.000000 0.101991 0.080294 0.095203 0.005722 0.000000 0.000000 0.000000 0.000000 0.000512 0.000000 0.271740 0.000000 0.000000 0.000000 0.000000 0.000000 0.000000 0.000000 0.000000 0.000000 0.000000 0.000000 0.000000 0.000000
# Solution 201: sup_norm = 0.026128
0.146873 0.037801 0.102571 0.007877 0.026169 0.000000 0.259744 0.042378 0.086482 0.018139 0.000000 0.000164 0.000000 0.000000 0.000000 0.000000 0.271790 0.000000 0.000000 0.000000 0.000000 0.000000 0.000000 0.000000 0.000000 0.000000 0.000000 0.000000 0.000000 0.000000
# Solution 202: sup_norm = 0.026128
0.301763 0.041081 0.124073 0.026136 0.025898 0.000000 0.104632 0.039212 0.065030 0.000000 0.000000 0.000000 0.000000 0.000000 0.000000 0.000000 0.271858 0.000000 0.000233 0.000000 0.000000 0.000000 0.000000 0.000000 0.000000 0.000000 0.000000 0.000000 0.000000 0.000000
# Solution 203: sup_norm = 0.026129
0.312271 0.000000 0.101569 0.026211 0.026053 0.000000 0.094097 0.080445 0.087374 0.000000 0.000000 0.000000 0.000179 0.000000 0.000000 0.000000 0.271776 0.000000 0.000000 0.000000 0.000000 0.000000 0.000000 0.000000 0.000000 0.000000 0.000000 0.000000 0.000000 0.000000
# Solution 204: sup_norm = 0.026129
0.145870 0.001773 0.071810 0.000000 0.025944 0.000000 0.260521 0.078521 0.115807 0.025960 0.000000 0.000000 0.002037 0.000000 0.000000 0.000000 0.271697 0.000000 0.000000 0.000000 0.000000 0.000000 0.000000 0.000000 0.000000 0.000000 0.000000 0.000000 0.000000 0.000017
# Solution 205: sup_norm = 0.026130
0.142166 0.058355 0.022662 0.026157 0.025980 0.000000 0.264421 0.021935 0.166457 0.000000 0.000000 0.000000 0.000000 0.000000 0.000000 0.000000 0.271661 0.000000 0.000000 0.000000 0.000000 0.000000 0.000000 0.000000 0.000000 0.000000 0.000000 0.000205 0.000000 0.000000
# Solution 206: sup_norm = 0.026131
0.238679 0.007205 0.032314 0.001615 0.026180 0.000000 0.167824 0.073315 0.156696 0.024329 0.000000 0.000000 0.000000 0.000000 0.000000 0.000000 0.271829 0.000000 0.000000 0.000000 0.000000 0.000000 0.000000 0.000000 0.000000 0.000000 0.000000 0.000000 0.000000 0.000000
# Solution 207: sup_norm = 0.026133
0.315255 0.000000 0.060560 0.000000 0.026253 0.000000 0.091121 0.080583 0.128492 0.026047 0.000000 0.000000 0.000000 0.000000 0.000000 0.000000 0.271680 0.000000 0.000000 0.000000 0.000000 0.000000 0.000000 0.000000 0.000000 0.000000 0.000000 0.000000 0.000000 0.000000
# Solution 208: sup_norm = 0.026134
0.183872 0.032562 0.076360 0.000000 0.025940 0.000000 0.222524 0.047791 0.113270 0.025994 0.000000 0.000000 0.000000 0.000000 0.000000 0.000000 0.271684 0.000000 0.000000 0.000000 0.000000 0.000000 0.000000 0.000000 0.000000 0.000000 0.000000 0.000000 0.000000 0.000000
# Solution 209: sup_norm = 0.026136
0.171879 0.022765 0.038142 0.018505 0.024324 0.000000 0.234503 0.057537 0.150834 0.007476 0.000000 0.000000 0.000000 0.000000 0.000000 0.000000 0.271685 0.000000 0.002345 0.000000 0.000000 0.000000 0.000000 0.000000 0.000000 0.000000 0.000000 0.000000 0.000000 0.000000
# Solution 210: sup_norm = 0.026136
0.149922 0.021005 0.112932 0.015550 0.025843 0.000000 0.256461 0.059065 0.076050 0.010661 0.000000 0.000502 0.000000 0.000000 0.000000 0.000000 0.271821 0.000000 0.000136 0.000000 0.000000 0.000000 0.000000 0.000000 0.000000 0.000000 0.000000 0.000000 0.000000 0.000000
# Solution 211: sup_norm = 0.026137
0.121588 0.000000 0.000000 0.025886 0.026099 0.000000 0.284973 0.080309 0.188975 0.000000 0.000000 0.000000 0.000000 0.000235 0.000000 0.000000 0.271888 0.000000 0.000000 0.000000 0.000000 0.000000 0.000000 0.000000 0.000000 0.000000 0.000000 0.000000 0.000000 0.000000
# Solution 212: sup_norm = 0.026138
0.161804 0.002720 0.189317 0.026001 0.026203 0.000000 0.244581 0.077573 0.000000 0.000105 0.000000 0.000000 0.000000 0.000000 0.000000 0.000000 0.271674 0.000000 0.000000 0.000000 0.000000 0.000000 0.000000 0.000000 0.000000 0.000000 0.000000 0.000000 0.000000 0.000000
# Solution 213: sup_norm = 0.026138
0.143710 0.000000 0.161465 0.016523 0.025939 0.000000 0.260774 0.080282 0.027510 0.009412 0.002699 0.000000 0.000000 0.000002 0.000000 0.000000 0.271683 0.000000 0.000000 0.000000 0.000000 0.000000 0.000000 0.000000 0.000000 0.000000 0.000000 0.000000 0.000000 0.000000
# Solution 214: sup_norm = 0.026138
0.140060 0.030091 0.028969 0.010942 0.026100 0.000000 0.266590 0.050396 0.160085 0.015076 0.000000 0.000000 0.000000 0.000000 0.000000 0.000000 0.271672 0.000000 0.000000 0.000000 0.000000 0.000000 0.000000 0.000000 0.000000 0.000000 0.000000 0.000000 0.000000 0.000000
# Solution 215: sup_norm = 0.026139
0.202118 0.006624 0.174027 0.000000 0.026001 0.000000 0.204637 0.073738 0.015135 0.025951 0.000000 0.000000 0.000000 0.000000 0.000000 0.000000 0.271662 0.000000 0.000000 0.000000 0.000000 0.000000 0.000000 0.000000 0.000000 0.000000 0.000077 0.000000 0.000000 0.000000
# Solution 216: sup_norm = 0.026140
0.294007 0.002150 0.004997 0.011432 0.025936 0.000000 0.110463 0.078131 0.183979 0.014500 0.002715 0.000000 0.000000 0.000003 0.000000 0.000000 0.271678 0.000000 0.000000 0.000000 0.000000 0.000000 0.000000 0.000000 0.000000 0.000000 0.000000 0.000000 0.000000 0.000000
# Solution 217: sup_norm = 0.026142
0.296050 0.080682 0.014280 0.016804 0.025932 0.000000 0.110314 0.000121 0.174769 0.009160 0.000000 0.000000 0.000000 0.000000 0.000000 0.000000 0.271711 0.000000 0.000000 0.000000 0.000000 0.000000 0.000000 0.000000 0.000000 0.000000 0.000000 0.000000 0.000000 0.000000
# Solution 218: sup_norm = 0.026142
0.047998 0.023348 0.100756 0.001123 0.025937 0.000000 0.357131 0.056938 0.088218 0.024137 0.001759 0.000000 0.000000 0.000975 0.000000 0.000000 0.271671 0.000000 0.000000 0.000006 0.000000 0.000000 0.000000 0.000000 0.000000 0.000000 0.000000 0.000000 0.000000 0.000000
# Solution 219: sup_norm = 0.026144
0.230545 0.080276 0.109241 0.000000 0.026144 0.000000 0.175831 0.000000 0.079571 0.026106 0.000000 0.000000 0.000376 0.000000 0.000000 0.000000 0.271802 0.000000 0.000000 0.000000 0.000000 0.000000 0.000056 0.000000 0.000000 0.000000 0.000000 0.000000 0.000000 0.000000
# Solution 220: sup_norm = 0.026145
0.195130 0.076397 0.044584 0.026126 0.025928 0.000000 0.211407 0.003746 0.144518 0.000000 0.000000 0.000297 0.000000 0.000000 0.000000 0.000000 0.271791 0.000000 0.000000 0.000000 0.000000 0.000000 0.000000 0.000000 0.000000 0.000000 0.000000 0.000000 0.000000 0.000000
# Solution 221: sup_norm = 0.026145
0.312782 0.058673 0.090205 0.025928 0.026399 0.000000 0.093737 0.021525 0.098801 0.000000 0.000000 0.000116 0.000000 0.000000 0.000000 0.000000 0.271666 0.000000 0.000000 0.000000 0.000000 0.000000 0.000000 0.000000 0.000000 0.000000 0.000000 0.000000 0.000000 0.000000
# Solution 222: sup_norm = 0.026146
0.209998 0.054975 0.059559 0.025937 0.025927 0.000000 0.196095 0.023666 0.129425 0.000000 0.000376 0.002362 0.000000 0.000000 0.000000 0.000000 0.271664 0.000000 0.000000 0.000000 0.000000 0.000000 0.000000 0.000000 0.000000 0.000000 0.000000 0.000000 0.000010 0.000000
# Solution 223: sup_norm = 0.026147
0.203091 0.080727 0.127610 0.022563 0.026016 0.000000 0.203436 0.000000 0.061355 0.003363 0.000000 0.000000 0.000000 0.000000 0.000000 0.000000 0.271834 0.000000 0.000000 0.000000 0.000000 0.000000 0.000000 0.000000 0.000000 0.000000 0.000000 0.000000 0.000000 0.000000
# Solution 224: sup_norm = 0.026148
0.137499 0.018497 0.039424 0.000000 0.025978 0.000000 0.268977 0.062036 0.149777 0.026069 0.000000 0.000000 0.000000 0.000000 0.000000 0.000000 0.271657 0.000078 0.000000 0.000000 0.000000 0.000000 0.000000 0.000000 0.000000 0.000000 0.000000 0.000000 0.000000 0.000000
# Solution 225: sup_norm = 0.026148
0.134155 0.010747 0.130662 0.000000 0.025915 0.000000 0.272192 0.069630 0.058347 0.026564 0.000000 0.000000 0.000000 0.000000 0.000071 0.000000 0.271668 0.000000 0.000000 0.000000 0.000000 0.000000 0.000000 0.000000 0.000000 0.000000 0.000000 0.000000 0.000000 0.000000
# Solution 226: sup_norm = 0.026148
0.158010 0.046347 0.170347 0.026361 0.026020 0.000000 0.248514 0.033919 0.018657 0.000000 0.000000 0.000000 0.000000 0.000000 0.000000 0.000000 0.271750 0.000000 0.000000 0.000000 0.000000 0.000056 0.000000 0.000000 0.000000 0.000000 0.000000 0.000000 0.000000 0.000000
# Solution 227: sup_norm = 0.026149
0.219526 0.080304 0.189075 0.025868 0.025999 0.000000 0.187024 0.000000 0.000000 0.000000 0.000000 0.000000 0.000000 0.000000 0.000000 0.000000 0.271688 0.000039 0.000000 0.000000 0.000000 0.000000 0.000000 0.000338 0.000000 0.000000 0.000000 0.000000 0.000000 0.000000
# Solution 228: sup_norm = 0.026149
0.167823 0.046703 0.139654 0.000000 0.025888 0.000000 0.238595 0.034232 0.049377 0.025925 0.000000 0.000000 0.000000 0.000000 0.000074 0.000000 0.271655 0.000000 0.000000 0.000000 0.000000 0.000000 0.000000 0.000000 0.000000 0.000000 0.000000 0.000000 0.000000 0.000000
# Solution 229: sup_norm = 0.026149
0.335477 0.080373 0.004532 0.008689 0.025970 0.000000 0.071352 0.000000 0.184501 0.017301 0.000000 0.000000 0.000000 0.000000 0.000000 0.000000 0.271655 0.000000 0.000000 0.000000 0.000000 0.000000 0.000000 0.000000 0.000000 0.000000 0.000000 0.000000 0.000076 0.000000
# Solution 230: sup_norm = 0.026152
0.277738 0.000000 0.094066 0.014963 0.026033 0.000000 0.128723 0.080133 0.095163 0.010597 0.000000 0.000216 0.000000 0.000520 0.000000 0.000000 0.271771 0.000000 0.000000 0.000000 0.000000 0.000000 0.000000 0.000000 0.000000 0.000000 0.000000 0.000000 0.000000 0.000000
# Solution 231: sup_norm = 0.026153
0.172748 0.079282 0.051373 0.025920 0.026080 0.000000 0.233684 0.000000 0.137539 0.000000 0.000000 0.001510 0.000109 0.000000 0.000000 0.000000 0.271740 0.000000 0.000000 0.000000 0.000000 0.000000 0.000000 0.000000 0.000000 0.000000 0.000000 0.000000 0.000000 0.000000
# Solution 232: sup_norm = 0.026154
0.067287 0.000234 0.160571 0.000000 0.026363 0.000000 0.339067 0.080187 0.028520 0.025918 0.000000 0.000000 0.000000 0.000000 0.000000 0.000000 0.271689 0.000000 0.000000 0.000000 0.000000 0.000000 0.000000 0.000000 0.000000 0.000000 0.000000 0.000000 0.000000 0.000000
# Solution 233: sup_norm = 0.026155
0.239351 0.080486 0.126222 0.026244 0.026024 0.000000 0.166994 0.000000 0.062914 0.000000 0.000000 0.000000 0.000000 0.000000 0.000000 0.000000 0.271647 0.000000 0.000000 0.000000 0.000000 0.000092 0.000000 0.000000 0.000000 0.000000 0.000000 0.000000 0.000000 0.000000
# Solution 234: sup_norm = 0.026155
0.166786 0.080280 0.172727 0.025913 0.025953 0.000000 0.237560 0.000000 0.016237 0.000024 0.002867 0.000000 0.000000 0.000000 0.000000 0.000000 0.271652 0.000000 0.000000 0.000000 0.000000 0.000000 0.000000 0.000000 0.000000 0.000000 0.000000 0.000000 0.000000 0.000000
# Solution 235: sup_norm = 0.026156
0.261274 0.000000 0.188957 0.021874 0.025916 0.000000 0.142910 0.080271 0.000000 0.004049 0.003098 0.000000 0.000000 0.000000 0.000000 0.000000 0.271647 0.000000 0.000001 0.000000 0.000000 0.000000 0.000000 0.000000 0.000000 0.000000 0.000000 0.000000 0.000000 0.000000
# Solution 236: sup_norm = 0.026157
0.179988 0.040187 0.189001 0.025362 0.026047 0.000000 0.226531 0.040075 0.000000 0.000572 0.000000 0.000000 0.000000 0.000000 0.000000 0.000000 0.271678 0.000000 0.000000 0.000000 0.000000 0.000000 0.000000 0.000000 0.000411 0.000000 0.000000 0.000000 0.000000 0.000000
# Solution 237: sup_norm = 0.026157
0.192200 0.036388 0.077111 0.025920 0.025873 0.000000 0.214137 0.044079 0.111849 0.000000 0.000000 0.000000 0.000000 0.000000 0.000374 0.000000 0.271657 0.000000 0.000000 0.000000 0.000000 0.000000 0.000000 0.000000 0.000000 0.000000 0.000000 0.000000 0.000000 0.000000
# Solution 238: sup_norm = 0.026158
0.251670 0.000277 0.188991 0.000000 0.026450 0.000000 0.154812 0.080069 0.000000 0.026041 0.000000 0.000000 0.000000 0.000000 0.000000 0.000000 0.271642 0.000000 0.000000 0.000000 0.000000 0.000000 0.000000 0.000000 0.000000 0.000000 0.000000 0.000000 0.000000 0.000000
# Solution 239: sup_norm = 0.026158
0.264834 0.080025 0.000000 0.000000 0.025985 0.000000 0.141840 0.000318 0.188937 0.026167 0.000000 0.000000 0.000000 0.000000 0.000000 0.000000 0.271647 0.000000 0.000000 0.000000 0.000000 0.000000 0.000178 0.000000 0.000000 0.000000 0.000000 0.000000 0.000000 0.000000
# Solution 240: sup_norm = 0.026159
0.245215 0.043247 0.029477 0.000000 0.025565 0.000000 0.161120 0.036973 0.159416 0.025915 0.000000 0.000111 0.000273 0.000000 0.000000 0.000000 0.271699 0.000000 0.000778 0.000000 0.000000 0.000000 0.000000 0.000000 0.000000 0.000000 0.000000 0.000000 0.000000 0.000000
# Solution 241: sup_norm = 0.026161
0.215217 0.080272 0.093730 0.025887 0.025912 0.000000 0.191129 0.000000 0.093230 0.000000 0.000000 0.000000 0.002931 0.000000 0.000000 0.000000 0.271638 0.000047 0.000000 0.000000 0.000000 0.000000 0.000000 0.000000 0.000000 0.000000 0.000000 0.000000 0.000000 0.000000
# Solution 242: sup_norm = 0.026161
0.298709 0.080257 0.098048 0.000000 0.026029 0.000000 0.107710 0.000000 0.091070 0.025949 0.000000 0.000000 0.000000 0.000000 0.000000 0.000553 0.271644 0.000000 0.000000 0.000000 0.000000 0.000000 0.000000 0.000000 0.000000 0.000000 0.000000 0.000000 0.000000 0.000000
# Solution 243: sup_norm = 0.026162
0.228442 0.039213 0.082887 0.000690 0.025910 0.000000 0.177890 0.041043 0.103749 0.025219 0.000000 0.000000 0.003323 0.000000 0.000000 0.000000 0.271635 0.000000 0.000000 0.000000 0.000000 0.000000 0.000000 0.000000 0.000000 0.000000 0.000000 0.000000 0.000000 0.000000
# Solution 244: sup_norm = 0.026164
0.232868 0.000000 0.078828 0.013103 0.025908 0.000000 0.173475 0.078264 0.110128 0.012796 0.000000 0.002891 0.000000 0.000000 0.000000 0.000000 0.271703 0.000021 0.000000 0.000000 0.000000 0.000000 0.000000 0.000000 0.000000 0.000000 0.000000 0.000000 0.000000 0.000000
# Solution 245: sup_norm = 0.026165
0.265874 0.035992 0.175026 0.025907 0.025602 0.000000 0.138408 0.044261 0.013919 0.000000 0.002942 0.000000 0.000000 0.000000 0.000439 0.000000 0.271631 0.000000 0.000000 0.000000 0.000000 0.000000 0.000000 0.000000 0.000000 0.000000 0.000000 0.000000 0.000000 0.000000
# Solution 246: sup_norm = 0.026165
0.343378 0.000000 0.116687 0.026018 0.025984 0.000000 0.063331 0.080307 0.072020 0.000000 0.000000 0.000000 0.000341 0.000000 0.000000 0.000000 0.271719 0.000000 0.000000 0.000000 0.000000 0.000000 0.000000 0.000000 0.000000 0.000000 0.000000 0.000000 0.000000 0.000000
# Solution 247: sup_norm = 0.026167
0.155778 0.014130 0.158974 0.025905 0.025907 0.000000 0.250817 0.066786 0.029989 0.000000 0.000000 0.000000 0.000000 0.000000 0.000000 0.000000 0.271686 0.000000 0.000000 0.000000 0.000000 0.000000 0.000000 0.000000 0.000000 0.000000 0.000000 0.000000 0.000000 0.000000
# Solution 248: sup_norm = 0.026167
0.175508 0.000000 0.107547 0.000000 0.025606 0.000000 0.230818 0.080259 0.081567 0.026170 0.000000 0.000000 0.000000 0.000000 0.000444 0.000000 0.271922 0.000000 0.000142 0.000000 0.000000 0.000000 0.000000 0.000000 0.000000 0.000000 0.000000 0.000000 0.000000 0.000000
# Solution 249: sup_norm = 0.026167
0.185166 0.021867 0.145775 0.000000 0.025960 0.000000 0.221201 0.058825 0.043541 0.026012 0.000000 0.000000 0.000000 0.000000 0.000000 0.000000 0.271627 0.000000 0.000000 0.000000 0.000000 0.000000 0.000000 0.000000 0.000000 0.000000 0.000000 0.000000 0.000000 0.000000
