# Cluster Centroids from Belief Network Analysis
# Generated on: 2025-06-30 22:01:46
# Input file: data_files/BNI3f.dat
# Number of clusters: 8
# Format: 30 values per line
#
# Cluster 0: 42 points, sup_norm = 0.026049
0.177413 0.011278 0.086749 0.012727 0.026012 0.000000 0.229015 0.069051 0.102295 0.013321 0.000056 0.000091 0.000081 0.000006 0.000031 0.000005 0.271810 0.000001 0.000009 0.000001 0.000000 0.000000 0.000002 0.000000 0.000001 0.000001 0.000001 0.000007 0.000000 0.000000
# Cluster 1: 27 points, sup_norm = 0.026058
0.305733 0.024380 0.091306 0.014666 0.025961 0.000000 0.100725 0.055993 0.097768 0.011345 0.000001 0.000015 0.000029 0.000041 0.000126 0.000020 0.271798 0.000006 0.000032 0.000000 0.000001 0.000000 0.000000 0.000000 0.000007 0.000005 0.000002 0.000000 0.000000 0.000000
# Cluster 2: 37 points, sup_norm = 0.026065
0.156698 0.045529 0.165310 0.016621 0.025990 0.000000 0.249652 0.034879 0.023728 0.009416 0.000166 0.000005 0.000054 0.000021 0.000023 0.000000 0.271787 0.000012 0.000052 0.000003 0.000000 0.000002 0.000006 0.000000 0.000011 0.000000 0.000002 0.000002 0.000000 0.000000
# Cluster 3: 34 points, sup_norm = 0.026057
0.257044 0.040181 0.017277 0.010948 0.026004 0.000000 0.149376 0.040225 0.171792 0.015082 0.000087 0.000010 0.000010 0.000024 0.000008 0.000001 0.271798 0.000006 0.000069 0.000000 0.000001 0.000000 0.000005 0.000000 0.000000 0.000000 0.000001 0.000005 0.000011 0.000000
# Cluster 4: 25 points, sup_norm = 0.026051
0.248372 0.020977 0.168606 0.015250 0.026020 0.000000 0.157935 0.059395 0.020470 0.010777 0.000242 0.000035 0.000000 0.000002 0.000033 0.000000 0.271811 0.000002 0.000028 0.000000 0.000001 0.000000 0.000000 0.000014 0.000000 0.000000 0.000003 0.000000 0.000000 0.000000
# Cluster 5: 43 points, sup_norm = 0.026055
0.208358 0.066832 0.093135 0.015012 0.026006 0.000002 0.198057 0.013487 0.095830 0.011034 0.000069 0.000119 0.000158 0.000003 0.000003 0.000000 0.271802 0.000006 0.000047 0.000000 0.000000 0.000005 0.000002 0.000001 0.000000 0.000000 0.000005 0.000000 0.000004 0.000004
# Cluster 6: 14 points, sup_norm = 0.026076
0.060853 0.036688 0.116547 0.013677 0.026024 0.000000 0.345426 0.043602 0.072524 0.012302 0.000277 0.000154 0.000000 0.000070 0.000005 0.000000 0.271770 0.000002 0.000045 0.000000 0.000000 0.000000 0.000000 0.000000 0.000000 0.000000 0.000005 0.000001 0.000000 0.000000
# Cluster 7: 28 points, sup_norm = 0.026062
0.142935 0.037466 0.022826 0.014022 0.025954 0.000000 0.263568 0.042934 0.166244 0.012033 0.000003 0.000001 0.000007 0.000009 0.000034 0.000004 0.271790 0.000016 0.000084 0.000001 0.000002 0.000000 0.000007 0.000000 0.000001 0.000007 0.000000 0.000007 0.000000 0.000002
