# Belief Network Analysis Results
# Generated on: 2025-09-11 13:39:39
# Input file: data_files/dataset_25_1.dat
# Number of photos: 25
# Number of labels: 10
# Number of experts: 1
# Best 50 solutions from 1500 runs
# PCA used: True (variance retained: 99.0%)
# Format: 25 values per line
#
# Solution 0: sup_norm = 0.030847
0.000000 0.000000 0.044963 0.000000 0.000000 0.000000 0.000000 0.124621 0.000000 0.000000 0.000000 0.010008 0.000094 0.239733 0.000000 0.390567 0.008826 0.000000 0.000000 0.006788 0.003383 0.037054 0.018853 0.000000 0.115095
# Solution 1: sup_norm = 0.030862
0.000000 0.000000 0.050904 0.000000 0.000000 0.000000 0.000000 0.143110 0.000000 0.000000 0.000000 0.000000 0.000000 0.370674 0.009297 0.342152 0.005578 0.000124 0.000000 0.000000 0.003445 0.038251 0.025675 0.000000 0.010638
# Solution 2: sup_norm = 0.031172
0.000000 0.000000 0.049437 0.028422 0.000009 0.000000 0.000000 0.152957 0.000000 0.010153 0.000000 0.000000 0.000000 0.268322 0.000000 0.354619 0.000000 0.000000 0.000000 0.000000 0.002827 0.011690 0.023025 0.000000 0.098540
# Solution 3: sup_norm = 0.031183
0.000000 0.000000 0.047384 0.030934 0.000000 0.000000 0.000000 0.154276 0.000000 0.010778 0.000000 0.000000 0.000000 0.231931 0.000000 0.371223 0.000000 0.000000 0.000000 0.000000 0.003185 0.009386 0.020647 0.000000 0.120110
# Solution 4: sup_norm = 0.031225
0.000018 0.000000 0.047305 0.000000 0.000000 0.000000 0.000000 0.139326 0.000000 0.000000 0.000000 0.000917 0.000000 0.225738 0.007831 0.368614 0.000264 0.000000 0.000000 0.006719 0.002822 0.038158 0.022836 0.000000 0.139307
# Solution 5: sup_norm = 0.031341
0.000000 0.000000 0.051013 0.011741 0.002266 0.000000 0.000000 0.153226 0.000000 0.006255 0.000000 0.000000 0.000000 0.335495 0.002965 0.340154 0.000000 0.000000 0.000000 0.000000 0.001417 0.026881 0.026562 0.000000 0.042020
# Solution 6: sup_norm = 0.031346
0.000000 0.000000 0.049264 0.000000 0.000000 0.000000 0.000000 0.152008 0.000000 0.000000 0.000000 0.008727 0.000000 0.207669 0.000000 0.355581 0.000000 0.000022 0.000000 0.000000 0.002630 0.037827 0.022756 0.000000 0.163491
# Solution 7: sup_norm = 0.031451
0.000000 0.000300 0.050266 0.016249 0.000000 0.000000 0.000000 0.138948 0.000000 0.000000 0.000000 0.000000 0.000000 0.300755 0.008497 0.340851 0.000000 0.000000 0.000000 0.007932 0.002792 0.022664 0.024453 0.000000 0.086208
# Solution 8: sup_norm = 0.031563
0.000000 0.000000 0.050075 0.015761 0.002640 0.000061 0.000000 0.151388 0.000000 0.000000 0.000000 0.000000 0.000000 0.262006 0.008362 0.343774 0.000000 0.000000 0.000409 0.000000 0.000000 0.022684 0.023841 0.000000 0.118897
# Solution 9: sup_norm = 0.031805
0.000000 0.000000 0.054286 0.007979 0.000000 0.000000 0.000000 0.149995 0.000000 0.000000 0.000000 0.007501 0.000000 0.299596 0.000000 0.312856 0.000219 0.000000 0.000000 0.000000 0.002016 0.029889 0.028137 0.000000 0.107318
# Solution 10: sup_norm = 0.031920
0.000000 0.000000 0.052166 0.017383 0.001851 0.000000 0.000000 0.128424 0.000000 0.000000 0.000000 0.003091 0.000000 0.263947 0.004415 0.331889 0.006354 0.000000 0.000000 0.005079 0.000000 0.019195 0.024935 0.000000 0.141257
# Solution 11: sup_norm = 0.031923
0.000000 0.000000 0.052941 0.000000 0.001852 0.000000 0.000000 0.129508 0.000000 0.005448 0.000008 0.002652 0.000000 0.286995 0.000000 0.324710 0.007566 0.000000 0.000000 0.003202 0.000000 0.035237 0.025975 0.000000 0.123905
# Solution 12: sup_norm = 0.031955
0.000000 0.000000 0.060525 0.000000 0.000000 0.000000 0.000027 0.152335 0.000000 0.000000 0.000000 0.006257 0.000000 0.420973 0.000000 0.263493 0.000000 0.000000 0.000000 0.000000 0.001885 0.036785 0.034839 0.000000 0.022829
# Solution 13: sup_norm = 0.031961
0.000000 0.000000 0.060255 0.000468 0.001770 0.000000 0.000000 0.149595 0.000000 0.000000 0.000008 0.006362 0.000000 0.401490 0.000000 0.265481 0.000000 0.000000 0.000000 0.000127 0.000000 0.036205 0.034204 0.000000 0.044005
# Solution 14: sup_norm = 0.032036
0.000000 0.000000 0.054907 0.000000 0.000000 0.000000 0.000000 0.140127 0.000000 0.000000 0.000000 0.008280 0.000000 0.311181 0.000000 0.309654 0.000000 0.000000 0.000000 0.006246 0.002008 0.037432 0.027814 0.000000 0.102219
# Solution 15: sup_norm = 0.032094
0.000000 0.000000 0.054523 0.000000 0.000000 0.000000 0.000000 0.149717 0.000000 0.007936 0.000033 0.000000 0.000000 0.274502 0.000000 0.312291 0.000000 0.000000 0.000000 0.000000 0.002048 0.037390 0.027606 0.000000 0.133658
# Solution 16: sup_norm = 0.032116
0.000333 0.000000 0.050205 0.004953 0.000000 0.000000 0.000000 0.119378 0.000000 0.000000 0.000000 0.007628 0.000000 0.166512 0.000000 0.347842 0.000000 0.000000 0.000000 0.015798 0.001391 0.031643 0.022400 0.000000 0.231902
# Solution 17: sup_norm = 0.032132
0.000000 0.000000 0.048424 0.004811 0.000000 0.000000 0.000000 0.116753 0.000000 0.000000 0.000000 0.007894 0.000000 0.172720 0.000000 0.362868 0.011745 0.000228 0.000000 0.005142 0.001705 0.029371 0.020697 0.000000 0.217566
# Solution 18: sup_norm = 0.032135
0.000000 0.000000 0.049960 0.010815 0.000093 0.000000 0.000000 0.121471 0.000000 0.000000 0.000000 0.007628 0.000000 0.174485 0.000000 0.350048 0.000000 0.002166 0.000000 0.012653 0.001286 0.026135 0.022134 0.000000 0.221122
# Solution 19: sup_norm = 0.032137
0.000000 0.000000 0.045551 0.011443 0.002223 0.000000 0.000000 0.118931 0.000000 0.008073 0.000000 0.000971 0.000000 0.134046 0.000000 0.383269 0.000000 0.000000 0.000000 0.021716 0.000000 0.025545 0.018623 0.000000 0.229584
# Solution 20: sup_norm = 0.032165
0.000000 0.000000 0.058598 0.000000 0.001386 0.000000 0.000000 0.142008 0.000000 0.000000 0.000000 0.000000 0.000000 0.366372 0.006347 0.278341 0.004251 0.000000 0.000000 0.000000 0.000085 0.035311 0.032183 0.000000 0.074938
# Solution 21: sup_norm = 0.032185
0.000000 0.000000 0.053614 0.000000 0.000000 0.000000 0.000000 0.128420 0.000000 0.000000 0.000000 0.000000 0.000000 0.236138 0.006873 0.318196 0.000000 0.000000 0.000000 0.011075 0.001464 0.036290 0.026568 0.000000 0.181344
# Solution 22: sup_norm = 0.032221
0.000000 0.000000 0.049025 0.010688 0.002683 0.000000 0.012284 0.153250 0.000000 0.000000 0.000000 0.000000 0.000000 0.205933 0.000000 0.355280 0.000000 0.000000 0.000000 0.000163 0.000000 0.026078 0.021708 0.000000 0.162822
# Solution 23: sup_norm = 0.032232
0.000000 0.000000 0.044919 0.023124 0.001525 0.000000 0.000000 0.162826 0.000000 0.000000 0.002367 0.008197 0.000000 0.190981 0.000000 0.370526 0.000000 0.000000 0.000000 0.000000 0.000000 0.014599 0.020623 0.000000 0.159764
# Solution 24: sup_norm = 0.032240
0.010696 0.000000 0.044403 0.032817 0.002138 0.000000 0.000000 0.124449 0.000000 0.000000 0.000000 0.006880 0.000000 0.245773 0.001880 0.377120 0.000228 0.000000 0.000000 0.014078 0.000000 0.005350 0.014992 0.000000 0.119088
# Solution 25: sup_norm = 0.032244
0.000000 0.000000 0.053377 0.000000 0.000265 0.000000 0.000000 0.133316 0.000000 0.007787 0.000000 0.000000 0.000000 0.258162 0.000000 0.317987 0.000000 0.000000 0.000000 0.008845 0.001039 0.036655 0.026669 0.000000 0.155523
# Solution 26: sup_norm = 0.032247
0.000000 0.000000 0.051497 0.004883 0.000000 0.000000 0.000000 0.127035 0.000000 0.000000 0.000000 0.000000 0.000000 0.254785 0.007636 0.333841 0.011386 0.000000 0.000000 0.000000 0.001602 0.029771 0.024080 0.000000 0.153264
# Solution 27: sup_norm = 0.032265
0.000000 0.000000 0.058929 0.000361 0.001256 0.000000 0.000000 0.150144 0.000000 0.000000 0.000000 0.000000 0.000000 0.336646 0.006033 0.276452 0.000000 0.000000 0.000000 0.000000 0.000000 0.035776 0.032781 0.000000 0.101394
# Solution 28: sup_norm = 0.032275
0.000000 0.000000 0.056952 0.000000 0.001233 0.000000 0.000000 0.146269 0.000000 0.000000 0.000431 0.000496 0.000000 0.327926 0.005965 0.288646 0.000000 0.001228 0.000000 0.000000 0.000000 0.036505 0.031156 0.000110 0.103019
# Solution 29: sup_norm = 0.032290
0.000000 0.000000 0.050655 0.000000 0.001911 0.000000 0.000000 0.147717 0.000000 0.000000 0.000000 0.002004 0.000000 0.264518 0.005788 0.323004 0.000000 0.000630 0.000000 0.000000 0.000000 0.035910 0.025785 0.000000 0.142001
# Solution 30: sup_norm = 0.032298
0.000000 0.000000 0.046866 0.000000 0.000000 0.000000 0.000000 0.117054 0.000476 0.000000 0.000000 0.001690 0.000000 0.276004 0.005726 0.360058 0.018136 0.000000 0.000000 0.000000 0.001231 0.032930 0.021947 0.000607 0.117131
# Solution 31: sup_norm = 0.032348
0.000000 0.000000 0.050986 0.017852 0.001175 0.000000 0.000000 0.128117 0.000000 0.000000 0.000000 0.000157 0.000000 0.252295 0.008202 0.339292 0.000000 0.009572 0.000000 0.001172 0.000000 0.019437 0.023533 0.000000 0.148175
# Solution 32: sup_norm = 0.032366
0.000000 0.000000 0.056767 0.000000 0.000000 0.000000 0.000000 0.152400 0.000000 0.000000 0.000000 0.000000 0.000000 0.272029 0.006319 0.292643 0.000000 0.000000 0.000000 0.000000 0.001112 0.035757 0.029799 0.000000 0.153166
# Solution 33: sup_norm = 0.032383
0.000138 0.000000 0.056176 0.001199 0.000554 0.000000 0.000000 0.136185 0.000000 0.000000 0.000000 0.000000 0.000000 0.318627 0.006206 0.296290 0.006277 0.000000 0.000000 0.000000 0.000808 0.033382 0.029782 0.000000 0.114190
# Solution 34: sup_norm = 0.032393
0.000000 0.000000 0.051448 0.000000 0.001134 0.000000 0.000000 0.133948 0.000000 0.000000 0.000000 0.000000 0.000000 0.150072 0.006911 0.336691 0.000272 0.000000 0.000000 0.009090 0.000000 0.035685 0.023399 0.000000 0.251259
# Solution 35: sup_norm = 0.032396
0.000000 0.000398 0.050842 0.003026 0.000000 0.000000 0.000000 0.134399 0.000000 0.000000 0.000000 0.000000 0.000441 0.242270 0.007873 0.340838 0.000000 0.000000 0.000000 0.009257 0.000935 0.035884 0.022943 0.000000 0.150207
# Solution 36: sup_norm = 0.032412
0.000000 0.000000 0.052552 0.000000 0.001001 0.000000 0.000000 0.143791 0.000000 0.008380 0.000000 0.000000 0.000000 0.205286 0.000000 0.327436 0.000000 0.000000 0.000000 0.002231 0.000000 0.035847 0.026953 0.000000 0.196512
# Solution 37: sup_norm = 0.032413
0.000000 0.000000 0.052721 0.014097 0.001172 0.000000 0.000000 0.149746 0.000000 0.007498 0.000000 0.000000 0.000345 0.260226 0.000000 0.312615 0.000000 0.000000 0.000000 0.000000 0.000000 0.022665 0.026947 0.000000 0.151913
# Solution 38: sup_norm = 0.032429
0.000000 0.000000 0.055713 0.000000 0.000000 0.000000 0.000000 0.147407 0.000000 0.000000 0.000000 0.000000 0.000000 0.303624 0.006513 0.291162 0.000000 0.000000 0.000000 0.000304 0.001363 0.036291 0.029723 0.000000 0.127866
# Solution 39: sup_norm = 0.032429
0.000000 0.000000 0.054029 0.000000 0.001567 0.000000 0.000000 0.137625 0.000000 0.000000 0.000000 0.000000 0.000000 0.247964 0.006369 0.308729 0.000000 0.000000 0.000000 0.005470 0.000000 0.036140 0.027356 0.000000 0.174563
# Solution 40: sup_norm = 0.032475
0.000000 0.000000 0.049471 0.012260 0.000000 0.000000 0.000000 0.122293 0.000000 0.000000 0.000000 0.000000 0.000000 0.253451 0.006883 0.343103 0.009491 0.004674 0.000000 0.000000 0.001676 0.022896 0.022647 0.000000 0.150917
# Solution 41: sup_norm = 0.032481
0.000000 0.000000 0.052252 0.000000 0.001905 0.000000 0.000000 0.132433 0.000000 0.006842 0.000000 0.000000 0.000000 0.273777 0.000437 0.319448 0.000000 0.000000 0.000000 0.008085 0.000000 0.035675 0.028556 0.000000 0.140452
# Solution 42: sup_norm = 0.032520
0.000000 0.000000 0.059899 0.000000 0.000000 0.000000 0.000000 0.150781 0.000000 0.000000 0.000000 0.000000 0.000000 0.346854 0.005880 0.268740 0.000000 0.000000 0.000000 0.000000 0.001348 0.035444 0.033175 0.000000 0.097861
# Solution 43: sup_norm = 0.032522
0.000000 0.000000 0.058555 0.000000 0.000858 0.000000 0.000000 0.140096 0.000000 0.000000 0.000000 0.000000 0.000000 0.315176 0.006373 0.278357 0.001311 0.000000 0.000000 0.003814 0.000000 0.035219 0.031527 0.000000 0.128497
# Solution 44: sup_norm = 0.032526
0.000000 0.000000 0.043909 0.038986 0.000000 0.000000 0.000000 0.143891 0.000000 0.000000 0.000000 0.000000 0.004597 0.135600 0.007659 0.373162 0.000000 0.000000 0.000000 0.002445 0.001116 0.000000 0.017978 0.000000 0.230499
# Solution 45: sup_norm = 0.032545
0.000000 0.000000 0.050206 0.000000 0.000000 0.000000 0.000000 0.131113 0.000249 0.003621 0.000000 0.000000 0.000000 0.196415 0.003946 0.343205 0.001591 0.000000 0.000000 0.014466 0.000706 0.035300 0.023592 0.000000 0.195081
# Solution 46: sup_norm = 0.032548
0.000000 0.000000 0.063110 0.000000 0.001027 0.000000 0.000000 0.153504 0.000000 0.000000 0.000000 0.000000 0.000126 0.427212 0.005326 0.240209 0.000000 0.000000 0.000000 0.000000 0.000000 0.035531 0.036876 0.000000 0.036752
# Solution 47: sup_norm = 0.032551
0.000000 0.000000 0.053847 0.010299 0.000000 0.000000 0.000000 0.146839 0.000000 0.000000 0.000000 0.000143 0.000000 0.219058 0.006415 0.310753 0.000000 0.001136 0.000000 0.000000 0.000695 0.025850 0.026903 0.000000 0.198053
# Solution 48: sup_norm = 0.032568
0.000000 0.000000 0.057427 0.000000 0.000206 0.000000 0.000000 0.152981 0.000000 0.001583 0.000000 0.005789 0.000000 0.335172 0.000000 0.285986 0.000000 0.000000 0.000000 0.000000 0.002035 0.037081 0.030717 0.000000 0.090868
# Solution 49: sup_norm = 0.032602
0.000000 0.000000 0.054145 0.004110 0.000000 0.000000 0.000000 0.148188 0.000000 0.000000 0.000000 0.000000 0.000000 0.200949 0.007258 0.315897 0.000000 0.000000 0.000000 0.000000 0.001653 0.032166 0.026644 0.000000 0.208594
