# Cluster Centroids from Belief Network Analysis
# Generated on: 2025-09-11 13:39:39
# Input file: data_files/dataset_25_1.dat
# Number of clusters: 13
# Format: 25 values per line
#
# Cluster 0: 2 points, sup_norm = 0.030961
0.000000 0.000000 0.050958 0.005871 0.001133 0.000000 0.000000 0.148168 0.000000 0.003128 0.000000 0.000000 0.000000 0.353085 0.006131 0.341153 0.002789 0.000062 0.000000 0.000000 0.002431 0.032566 0.026118 0.000000 0.026329
# Cluster 1: 4 points, sup_norm = 0.031505
0.000000 0.000075 0.049161 0.015108 0.000662 0.000015 0.000000 0.140087 0.000119 0.002538 0.000000 0.000422 0.000000 0.276772 0.005646 0.349826 0.004534 0.000000 0.000102 0.001983 0.001713 0.022492 0.023316 0.000152 0.105194
# Cluster 2: 4 points, sup_norm = 0.032189
0.000083 0.000000 0.050010 0.005145 0.000307 0.000000 0.000000 0.122887 0.000000 0.000000 0.000000 0.005787 0.000000 0.165947 0.001728 0.349362 0.003004 0.000598 0.000000 0.010671 0.001095 0.030709 0.022158 0.000000 0.230462
# Cluster 3: 4 points, sup_norm = 0.032289
0.000000 0.000000 0.058713 0.000090 0.000712 0.000000 0.000000 0.148979 0.000000 0.000396 0.000000 0.001447 0.000000 0.346261 0.004565 0.277380 0.001063 0.000000 0.000000 0.000000 0.000867 0.035903 0.032214 0.000000 0.091265
# Cluster 4: 3 points, sup_norm = 0.032137
0.000000 0.000000 0.061296 0.000156 0.000932 0.000000 0.000009 0.151811 0.000000 0.000000 0.000003 0.004206 0.000042 0.416558 0.001775 0.256394 0.000000 0.000000 0.000000 0.000042 0.000628 0.036174 0.035307 0.000000 0.034528
# Cluster 5: 2 points, sup_norm = 0.032292
0.000000 0.000000 0.053822 0.000000 0.000783 0.000000 0.000000 0.133022 0.000000 0.000000 0.000000 0.000000 0.000000 0.242051 0.006621 0.313463 0.000000 0.000000 0.000000 0.008273 0.000732 0.036215 0.026962 0.000000 0.177954
# Cluster 6: 6 points, sup_norm = 0.032148
0.000023 0.000000 0.056098 0.001530 0.000441 0.000000 0.000000 0.143347 0.000000 0.000000 0.000072 0.002713 0.000000 0.312688 0.004176 0.296161 0.001301 0.000205 0.000000 0.001727 0.001033 0.034787 0.029690 0.000018 0.113852
# Cluster 7: 4 points, sup_norm = 0.031720
0.000005 0.000000 0.047628 0.008453 0.001052 0.000000 0.003071 0.151853 0.000000 0.000000 0.000592 0.004460 0.000000 0.207580 0.001958 0.362500 0.000066 0.000005 0.000000 0.001721 0.001363 0.029166 0.021981 0.000000 0.156346
# Cluster 8: 7 points, sup_norm = 0.032195
0.000000 0.000000 0.053319 0.002014 0.001015 0.000000 0.000000 0.142120 0.000000 0.005073 0.000006 0.000665 0.000049 0.270030 0.001792 0.314671 0.001081 0.000090 0.000000 0.002876 0.000600 0.034184 0.027334 0.000000 0.142945
# Cluster 9: 3 points, sup_norm = 0.031412
0.003565 0.000000 0.045583 0.021250 0.000713 0.000000 0.000000 0.134449 0.000000 0.003593 0.000000 0.005629 0.000031 0.239146 0.000627 0.379636 0.003018 0.000000 0.000000 0.006955 0.002189 0.017263 0.018164 0.000000 0.118098
# Cluster 10: 2 points, sup_norm = 0.032296
0.000000 0.000000 0.044730 0.025215 0.001111 0.000000 0.000000 0.131411 0.000000 0.004036 0.000000 0.000485 0.002299 0.134823 0.003830 0.378216 0.000000 0.000000 0.000000 0.012080 0.000558 0.012772 0.018301 0.000000 0.230041
# Cluster 11: 4 points, sup_norm = 0.032469
0.000000 0.000000 0.052688 0.003602 0.000250 0.000000 0.000000 0.142483 0.000062 0.003000 0.000000 0.000036 0.000000 0.205427 0.004405 0.324323 0.000398 0.000284 0.000000 0.004174 0.000763 0.032291 0.026023 0.000000 0.199560
# Cluster 12: 5 points, sup_norm = 0.032154
0.000000 0.000080 0.050992 0.011081 0.000605 0.000000 0.000000 0.128054 0.000000 0.000000 0.000000 0.000650 0.000088 0.253350 0.007002 0.337793 0.005446 0.002849 0.000000 0.003101 0.000843 0.025437 0.023628 0.000000 0.148764
